node1,node2,length,startLat,startLon,endLat,endLon,endNodeL,startNodeL,startYear,endYear,treeID,tipLabel
95,98,0.000599999999999989,660895.911865076,666783.980256577,644488.322012869,733873.882364874,0.000599999999999989,0,2020.64697934423,2020.64757934423,235600000,NA
95,96,1.000000000001e-05,660895.911865076,666783.980256577,660895.941711058,666787.127182982,1.000000000001e-05,0,2020.64697934423,2020.64698934423,235600000,NA
96,1,0.04699972678,660895.941711058,666787.127182982,661409.942213114,657101.220328142,0.04700972678,1.000000000001e-05,2020.64698934423,2020.69398907101,235600000,SARS2-CoV/Belgium/Human/rega-0911945
96,97,0.03879,660895.941711058,666787.127182982,660818.38720861,666904.826330138,0.0388,1.000000000001e-05,2020.64698934423,2020.68577934423,235600000,NA
97,2,1.30054645300082e-05,660818.38720861,666904.826330138,660819.47993584,666904.631599276,0.03881300546453,0.0388,2020.68577934423,2020.6857923497,235600000,SARS2-CoV/Belgium/Human/rega-0801928
97,3,0.01913868852,660818.38720861,666904.826330138,661682.083063683,668360.178700843,0.05793868852,0.0388,2020.68577934423,2020.70491803275,235600000,SARS2-CoV/Belgium/Human/rega-0915952
98,99,0.02628,644488.322012869,733873.882364874,639610.448616511,725310.665394967,0.02688,0.000599999999999989,2020.64757934423,2020.67385934423,235600000,NA
98,109,0.0015,644488.322012869,733873.882364874,644652.080602406,733849.716012745,0.00209999999999999,0.000599999999999989,2020.64757934423,2020.64907934423,235600000,NA
99,101,0.02166,639610.448616511,725310.665394967,639682.616262222,725217.155206028,0.04854,0.02688,2020.67385934423,2020.69551934423,235600000,NA
99,100,0.03105,639610.448616511,725310.665394967,660190.31136815,745592.807181031,0.05793,0.02688,2020.67385934423,2020.70490934423,235600000,NA
100,5,0.02186661202,660190.31136815,745592.807181031,640635.731575694,721794.669407918,0.07979661202,0.05793,2020.70490934423,2020.72677595625,235600000,hCoV-19/Belgium/ULG-10492/2020|EPI_ISL_581654|2020-09-23|Europe
100,4,8.6885246420032e-06,660190.31136815,745592.807181031,660183.246378278,745590.744715997,0.057938688524642,0.05793,2020.70490934423,2020.70491803276,235600000,hCoV-19/Belgium/ULG-10729/2020|EPI_ISL_641571|2020-09-15|Europe
101,6,0.1214205464,639682.616262222,725217.155206028,636413.454240032,736965.495895413,0.1699605464,0.04854,2020.69551934423,2020.81693989063,235600000,hCoV-19/Belgium/ULG-10656/2020|EPI_ISL_636633|2020-10-26|Europe
101,102,0.00219,639682.616262222,725217.155206028,639702.133580584,725319.962922282,0.05073,0.04854,2020.69551934423,2020.69770934423,235600000,NA
102,104,0.00223999999999999,639702.133580584,725319.962922282,639636.702917957,725383.89514413,0.05297,0.05073,2020.69770934423,2020.69994934423,235600000,NA
102,103,0.10901,639702.133580584,725319.962922282,639292.921590332,709717.768156855,0.15974,0.05073,2020.69770934423,2020.80671934423,235600000,NA
103,7,0.01022054645,639292.921590332,709717.768156855,640634.924543891,710144.100585042,0.16996054645,0.15974,2020.80671934423,2020.81693989068,235600000,hCoV-19/Belgium/ULG-10705/2020|EPI_ISL_636677|2020-10-26|Europe
103,8,0.01022054645,639292.921590332,709717.768156855,639253.157432085,709769.240501965,0.16996054645,0.15974,2020.80671934423,2020.81693989068,235600000,hCoV-19/Belgium/ULG-10713/2020|EPI_ISL_636684|2020-10-26|Europe
104,105,0.08407,639636.702917957,725383.89514413,650689.071063138,723898.052533742,0.13704,0.05297,2020.69994934423,2020.78401934423,235600000,NA
104,107,0.01291403433,639636.702917957,725383.89514413,639610.430372617,725301.879508316,0.06588403433,0.05297,2020.69994934423,2020.71286337856,235600000,NA
105,9,0.02745606557,650689.071063138,723898.052533742,650304.879074063,723916.270481249,0.16449606557,0.13704,2020.78401934423,2020.8114754098,235600000,hCoV-19/Belgium/ULG-10649/2020|EPI_ISL_636627|2020-10-24|Europe
105,106,0.02271,650689.071063138,723898.052533742,650501.489435735,723998.846653384,0.15975,0.13704,2020.78401934423,2020.80672934423,235600000,NA
106,10,0.01021054645,650501.489435735,723998.846653384,644690.799078997,735862.137806647,0.16996054645,0.15975,2020.80672934423,2020.81693989068,235600000,hCoV-19/Belgium/ULG-10702/2020|EPI_ISL_636674|2020-10-26|Europe
106,11,0.00201382513699999,650501.489435735,723998.846653384,643577.273640493,717784.141036101,0.161763825137,0.15975,2020.80672934423,2020.80874316937,235600000,hCoV-19/Belgium/ULG-10507/2020|EPI_ISL_626256|2020-10-23|Europe
107,108,0.000555965667000002,639610.430372617,725301.879508316,638669.026894411,725179.811366286,0.066439999997,0.06588403433,2020.71286337856,2020.71341934423,235600000,NA
107,12,0.01118033725,639610.430372617,725301.879508316,639395.261506555,725415.152976137,0.07706437158,0.06588403433,2020.71286337856,2020.72404371581,235600000,hCoV-19/Belgium/ULG-10470/2020|EPI_ISL_581640|2020-09-22|Europe
108,14,0.00242765027299999,638669.026894411,725179.811366286,639702.352785583,751924.91081201,0.06886765027,0.066439999997,2020.71341934423,2020.7158469945,235600000,hCoV-19/Belgium/ULG-10754/2020|EPI_ISL_641596|2020-09-19|Europe
108,13,0.00242765027299999,638669.026894411,725179.811366286,657251.817044532,738279.516642292,0.06886765027,0.066439999997,2020.71341934423,2020.7158469945,235600000,hCoV-19/Belgium/ULG-10753/2020|EPI_ISL_641595|2020-09-19|Europe
109,152,0.00634000000000001,644652.080602406,733849.716012745,644672.147820729,733809.439859881,0.00844,0.00209999999999999,2020.64907934423,2020.65541934423,235600000,NA
109,110,0.04180963825,644652.080602406,733849.716012745,644623.483758801,733910.126023747,0.04390963825,0.00209999999999999,2020.64907934423,2020.69088898248,235600000,NA
110,111,0.000110361750400023,644623.483758801,733910.126023747,644600.088274622,733913.031491362,0.0440200000004,0.04390963825,2020.69088898248,2020.69099934424,235600000,NA
110,114,0.000110361750400023,644623.483758801,733910.126023747,644600.088274622,733913.031491362,0.0440200000004,0.04390963825,2020.69088898248,2020.69099934424,235600000,NA
111,113,0.11572,644600.088274622,733913.031491362,644898.105910222,734046.92513533,0.1597400000004,0.0440200000004,2020.69099934424,2020.80671934424,235600000,NA
111,112,0.11724,644600.088274622,733913.031491362,647487.793469044,718818.916588754,0.1612600000004,0.0440200000004,2020.69099934424,2020.80823934424,235600000,NA
112,15,0.05788087432,647487.793469044,718818.916588754,649972.015969193,713712.469023866,0.2191408743204,0.1612600000004,2020.80823934424,2020.86612021856,235600000,hCoV-19/Belgium/ULG-10826/2020|EPI_ISL_661215|2020-11-13|Europe
112,16,0.05788087432,647487.793469044,718818.916588754,648749.988720829,710428.285894726,0.2191408743204,0.1612600000004,2020.80823934424,2020.86612021856,235600000,hCoV-19/Belgium/ULG-10829/2020|EPI_ISL_661202|2020-11-13|Europe
113,18,0.01022054645,644898.105910222,734046.92513533,635838.05420878,733928.981673303,0.1699605464504,0.1597400000004,2020.80671934424,2020.81693989069,235600000,hCoV-19/Belgium/ULG-10687/2020|EPI_ISL_636659|2020-10-26|Europe
113,17,0.02934622951,644898.105910222,734046.92513533,645802.547116605,745550.600243635,0.1890862295104,0.1597400000004,2020.80671934424,2020.83606557374,235600000,hCoV-19/Belgium/ULG-10768/2020|EPI_ISL_644614|2020-11-02|Europe
114,127,0.01604156848,644600.088274622,733913.031491362,644156.660761415,736154.340704289,0.0600615684804,0.0440200000004,2020.69099934424,2020.70704091272,235600000,NA
114,115,0.00295999999999999,644600.088274622,733913.031491362,645339.066132109,733398.139336373,0.0469800000004,0.0440200000004,2020.69099934424,2020.69395934424,235600000,NA
115,116,0.03003,645339.066132109,733398.139336373,643699.663670637,732462.883704037,0.0770100000004,0.0469800000004,2020.69395934424,2020.72398934423,235600000,NA
115,121,0.01622,645339.066132109,733398.139336373,645516.266835206,733313.503986739,0.0632000000004,0.0469800000004,2020.69395934424,2020.71017934424,235600000,NA
116,19,0.0383057377,643699.663670637,732462.883704037,643927.468718024,732336.003998343,0.1153157377004,0.0770100000004,2020.72398934423,2020.76229508194,235600000,hCoV-19/Belgium/ULG-10762/2020|EPI_ISL_641604|2020-10-06|Europe
116,117,0.00211816285399999,643699.663670637,732462.883704037,642104.699484818,733267.657720172,0.0791281628544,0.0770100000004,2020.72398934423,2020.72610750709,235600000,NA
117,20,0.000668449167700008,642104.699484818,733267.657720172,642171.168523325,733225.204418047,0.0797966120221,0.0791281628544,2020.72610750709,2020.72677595626,235600000,hCoV-19/Belgium/ULG-10493/2020|EPI_ISL_581655|2020-09-23|Europe
117,118,0.000461837145800004,642104.699484818,733267.657720172,642107.282214518,733260.521295715,0.0795900000002,0.0791281628544,2020.72610750709,2020.72656934423,235600000,NA
118,21,0.08763830601,642107.282214518,733260.521295715,641889.970078938,732073.606997425,0.1672283060102,0.0795900000002,2020.72656934423,2020.81420765024,235600000,hCoV-19/Belgium/ULG-10628/2020|EPI_ISL_636607|2020-10-25|Europe
118,119,0.00270000000000001,642107.282214518,733260.521295715,655135.977646395,740303.582710033,0.0822900000002,0.0795900000002,2020.72656934423,2020.72926934423,235600000,NA
119,22,0.002971092896,655135.977646395,740303.582710033,655205.594466175,740284.555644936,0.0852610928962,0.0822900000002,2020.72926934423,2020.73224043713,235600000,hCoV-19/Belgium/ULG-10503/2020|EPI_ISL_581665|2020-09-25|Europe
119,120,0.02974,655135.977646395,740303.582710033,650909.111929737,737343.760812086,0.1120300000002,0.0822900000002,2020.72926934423,2020.75900934423,235600000,NA
120,23,0.04973382514,650909.111929737,737343.760812086,649956.641616355,735508.316852104,0.1617638251402,0.1120300000002,2020.75900934423,2020.80874316937,235600000,hCoV-19/Belgium/ULG-10591/2020|EPI_ISL_626337|2020-10-23|Europe
120,24,0.003285737705,650909.111929737,737343.760812086,605247.764503489,720487.542453406,0.1153157377052,0.1120300000002,2020.75900934423,2020.76229508194,235600000,hCoV-19/Belgium/ULG-10761/2020|EPI_ISL_641603|2020-10-06|Europe
121,124,0.00289,645516.266835206,733313.503986739,645533.898352051,733324.141811519,0.0660900000004,0.0632000000004,2020.71017934424,2020.71306934424,235600000,NA
121,122,0.0964301302,645516.266835206,733313.503986739,649060.506899636,741159.381671557,0.1596301302004,0.0632000000004,2020.71017934424,2020.80660947443,235600000,NA
122,123,0.000109869802399992,649060.506899636,741159.381671557,649063.941648592,741160.338972539,0.1597400000028,0.1596301302004,2020.80660947443,2020.80671934424,235600000,NA
122,25,0.02399161844,649060.506899636,741159.381671557,649214.858158668,741232.682885287,0.1836217486404,0.1596301302004,2020.80660947443,2020.83060109287,235600000,hCoV-19/Belgium/ULG-10766/2020|EPI_ISL_644612|2020-10-31|Europe
123,27,0.01022054645,649063.941648592,741160.338972539,645164.235913362,747866.36132639,0.1699605464528,0.1597400000028,2020.80671934424,2020.81693989069,235600000,hCoV-19/Belgium/ULG-10674/2020|EPI_ISL_636648|2020-10-26|Europe
123,26,0.07032983607,649063.941648592,741160.338972539,642927.573604658,758454.511682231,0.2300698360728,0.1597400000028,2020.80671934424,2020.87704918031,235600000,hCoV-19/Belgium/ULG-10798/2020|EPI_ISL_661208|2020-11-17|Europe
124,126,0.0103,645533.898352051,733324.141811519,636586.367137384,716473.996131611,0.0763900000004,0.0660900000004,2020.71306934424,2020.72336934423,235600000,NA
124,125,0.09315,645533.898352051,733324.141811519,641381.034877804,733509.561831562,0.1592400000004,0.0660900000004,2020.71306934424,2020.80621934423,235600000,NA
125,28,0.06809759563,641381.034877804,733509.561831562,642191.081350735,733764.116555273,0.2273375956304,0.1592400000004,2020.80621934423,2020.87431693987,235600000,hCoV-19/Belgium/ULG-10782/2020|EPI_ISL_661204|2020-11-16|Europe
125,29,0.06809759563,641381.034877804,733509.561831562,643970.476653508,733822.00013403,0.2273375956304,0.1592400000004,2020.80621934423,2020.87431693987,235600000,hCoV-19/Belgium/ULG-10796/2020|EPI_ISL_661206|2020-11-16|Europe
126,31,0.006138852459,636586.367137384,716473.996131611,644437.240037478,760098.397152446,0.0825288524594,0.0763900000004,2020.72336934423,2020.72950819669,235600000,hCoV-19/Belgium/ULG-10501/2020|EPI_ISL_581663|2020-09-24|Europe
126,30,0.00340661202200002,636586.367137384,716473.996131611,636364.815439449,717680.950073682,0.0797966120224,0.0763900000004,2020.72336934423,2020.72677595626,235600000,hCoV-19/Belgium/ULG-10490/2020|EPI_ISL_581653|2020-09-23|Europe
127,128,0.00195843152300001,644156.660761415,736154.340704289,644171.100165159,736153.203377225,0.0620200000034,0.0600615684804,2020.70704091272,2020.70899934424,235600000,NA
127,142,0.000108431522999997,644156.660761415,736154.340704289,644185.38836365,736145.27390183,0.0601700000034,0.0600615684804,2020.70704091272,2020.70714934424,235600000,NA
128,129,0.01504,644171.100165159,736153.203377225,644276.523985015,736197.006201559,0.0770600000034,0.0620200000034,2020.70899934424,2020.72403934424,235600000,NA
128,130,0.000687934469499996,644171.100165159,736153.203377225,642019.549619983,722859.22500763,0.0627079344729,0.0620200000034,2020.70899934424,2020.70968727871,235600000,NA
129,32,4.37158475297128e-06,644276.523985015,736197.006201559,669817.652601907,651812.064447853,0.077064371588153,0.0770600000034,2020.72403934424,2020.72404371582,235600000,hCoV-19/Belgium/ULG-10471/2020|EPI_ISL_581641|2020-09-22|Europe
129,33,4.37158475297128e-06,644276.523985015,736197.006201559,644275.358362567,736197.416149002,0.077064371588153,0.0770600000034,2020.72403934424,2020.72404371582,235600000,hCoV-19/Belgium/ULG-10412/2020|EPI_ISL_581579|2020-09-22|Europe
130,34,0.1673619016,642019.549619983,722859.22500763,641966.017535895,722727.052993759,0.2300698360729,0.0627079344729,2020.70968727871,2020.87704918031,235600000,hCoV-19/Belgium/ULG-10802/2020|EPI_ISL_661209|2020-11-17|Europe
130,131,0.000372065530499982,642019.549619983,722859.22500763,642052.146504181,722868.670536269,0.0630800000034,0.0627079344729,2020.70968727871,2020.71005934424,235600000,NA
131,35,0.1205417486,642052.146504181,722868.670536269,642798.401598596,725856.03707408,0.1836217486034,0.0630800000034,2020.71005934424,2020.83060109284,235600000,hCoV-19/Belgium/ULG-10771/2020|EPI_ISL_644617|2020-10-31|Europe
131,132,0.01151,642052.146504181,722868.670536269,642142.486373739,720488.223987754,0.0745900000034,0.0630800000034,2020.71005934424,2020.72156934424,235600000,NA
132,137,0.07853,642142.486373739,720488.223987754,642302.62773996,720559.390319749,0.1531200000034,0.0745900000034,2020.72156934424,2020.80009934424,235600000,NA
132,133,0.001946349647,642142.486373739,720488.223987754,648397.776341316,591480.601283497,0.0765363496504,0.0745900000034,2020.72156934424,2020.72351569389,235600000,NA
133,134,0.06025365035,648397.776341316,591480.601283497,640931.126274368,732801.797374126,0.1367900000004,0.0765363496504,2020.72351569389,2020.78376934423,235600000,NA
133,135,0.000653650352599983,648397.776341316,591480.601283497,648360.705778735,591491.771306495,0.077190000003,0.0765363496504,2020.72351569389,2020.72416934424,235600000,NA
134,37,0.02497382514,640931.126274368,732801.797374126,630005.550840096,729367.132512438,0.1617638251404,0.1367900000004,2020.78376934423,2020.80874316938,235600000,hCoV-19/Belgium/ULG-10543/2020|EPI_ISL_626318|2020-10-23|Europe
134,36,0.02497382514,640931.126274368,732801.797374126,640743.439440405,732869.378732307,0.1617638251404,0.1367900000004,2020.78376934423,2020.80874316938,235600000,hCoV-19/Belgium/ULG-10524/2020|EPI_ISL_626313|2020-10-23|Europe
135,38,0.00260661202200002,648360.705778735,591491.771306495,648442.447620178,591458.475462634,0.079796612025,0.077190000003,2020.72416934424,2020.72677595626,235600000,hCoV-19/Belgium/ULG-10496/2020|EPI_ISL_581658|2020-09-23|Europe
135,136,0.08116,648360.705778735,591491.771306495,655672.009675792,729105.96691764,0.158350000003,0.077190000003,2020.72416934424,2020.80532934424,235600000,NA
136,39,0.003413825137,655672.009675792,729105.96691764,655737.905250288,729100.335449816,0.16176382514,0.158350000003,2020.80532934424,2020.80874316937,235600000,hCoV-19/Belgium/ULG-10519/2020|EPI_ISL_626293|2020-10-23|Europe
136,40,0.003413825137,655672.009675792,729105.96691764,648206.011444324,737975.584478039,0.16176382514,0.158350000003,2020.80532934424,2020.80874316937,235600000,hCoV-19/Belgium/ULG-10583/2020|EPI_ISL_626269|2020-10-23|Europe
137,41,0.06602087432,642302.62773996,720559.390319749,643062.737547711,720555.897414609,0.2191408743234,0.1531200000034,2020.80009934424,2020.86612021856,235600000,hCoV-19/Belgium/ULG-10828/2020|EPI_ISL_661216|2020-11-13|Europe
137,138,0.00223999999999999,642302.62773996,720559.390319749,639636.702917957,725383.89514413,0.1553600000034,0.1531200000034,2020.80009934424,2020.80233934424,235600000,NA
138,139,0.00212999999999999,639636.702917957,725383.89514413,660825.207104681,736857.435801845,0.1574900000034,0.1553600000034,2020.80233934424,2020.80446934424,235600000,NA
138,42,0.07197759563,639636.702917957,725383.89514413,627600.280438206,740932.788114594,0.2273375956334,0.1553600000034,2020.80233934424,2020.87431693987,235600000,hCoV-19/Belgium/ULG-10792/2020|EPI_ISL_661201|2020-11-16|Europe
139,141,0.00190000000000001,660825.207104681,736857.435801845,660847.543416491,736807.02218986,0.1593900000034,0.1574900000034,2020.80446934424,2020.80636934424,235600000,NA
139,140,0.000920000000000004,660825.207104681,736857.435801845,660820.122911128,736798.87519377,0.1584100000034,0.1574900000034,2020.80446934424,2020.80538934424,235600000,NA
140,44,0.003353825137,660820.122911128,736798.87519377,661340.166743007,737972.189485189,0.1617638251404,0.1584100000034,2020.80538934424,2020.80874316938,235600000,hCoV-19/Belgium/ULG-10552/2020|EPI_ISL_626304|2020-10-23|Europe
140,43,0.003353825137,660820.122911128,736798.87519377,658141.520746122,733039.287147768,0.1617638251404,0.1584100000034,2020.80538934424,2020.80874316938,235600000,hCoV-19/Belgium/ULG-10560/2020|EPI_ISL_626328|2020-10-23|Europe
141,46,0.01057054645,660847.543416491,736807.02218986,647772.643141194,732319.650996426,0.1699605464534,0.1593900000034,2020.80636934424,2020.81693989069,235600000,hCoV-19/Belgium/ULG-10642/2020|EPI_ISL_636620|2020-10-26|Europe
141,45,0.00237382513699999,660847.543416491,736807.02218986,661629.502678083,736396.172951304,0.1617638251404,0.1593900000034,2020.80636934424,2020.80874316938,235600000,hCoV-19/Belgium/ULG-10581/2020|EPI_ISL_626339|2020-10-23|Europe
142,47,0.1015938251,644185.38836365,736145.27390183,648425.235121899,736119.49909387,0.1617638251034,0.0601700000034,2020.70714934424,2020.80874316934,235600000,hCoV-19/Belgium/ULG-10576/2020|EPI_ISL_626267|2020-10-23|Europe
142,143,0.01839993453,644185.38836365,736145.27390183,643658.025904104,736274.798064975,0.0785699345334,0.0601700000034,2020.70714934424,2020.72554927877,235600000,NA
143,147,0.00056795890450001,643658.025904104,736274.798064975,643665.130091841,736253.951151318,0.0791378934379,0.0785699345334,2020.72554927877,2020.72611723767,235600000,NA
143,144,0.000890065470899981,643658.025904104,736274.798064975,643632.819224852,736273.470279729,0.0794600000043,0.0785699345334,2020.72554927877,2020.72643934424,235600000,NA
144,48,0.08230382514,643632.819224852,736273.470279729,643874.391667616,736875.124422394,0.1617638251443,0.0794600000043,2020.72643934424,2020.80874316938,235600000,hCoV-19/Belgium/ULG-10547/2020|EPI_ISL_626305|2020-10-23|Europe
144,145,0.03524,643632.819224852,736273.470279729,653590.792941925,739767.946158578,0.1147000000043,0.0794600000043,2020.72643934424,2020.76167934424,235600000,NA
145,49,0.05526054645,653590.792941925,739767.946158578,647969.277935362,741648.209726899,0.1699605464543,0.1147000000043,2020.76167934424,2020.81693989069,235600000,hCoV-19/Belgium/ULG-10682/2020|EPI_ISL_636654|2020-10-26|Europe
145,146,0.04402,653590.792941925,739767.946158578,653687.222577768,739564.797876085,0.1587200000043,0.1147000000043,2020.76167934424,2020.80569934424,235600000,NA
146,51,0.07134983607,653687.222577768,739564.797876085,625637.485410856,755907.338056164,0.2300698360743,0.1587200000043,2020.80569934424,2020.87704918031,235600000,hCoV-19/Belgium/ULG-10809/2020|EPI_ISL_661211|2020-11-17|Europe
146,50,0.00304382513699999,653687.222577768,739564.797876085,653713.687652104,739556.910051511,0.1617638251413,0.1587200000043,2020.80569934424,2020.80874316938,235600000,hCoV-19/Belgium/ULG-10528/2020|EPI_ISL_626288|2020-10-23|Europe
147,151,0.000322106566399971,643665.130091841,736253.951151318,636332.909642566,732570.343433489,0.0794600000043,0.0791378934379,2020.72611723767,2020.72643934424,235600000,NA
147,148,0.03804210657,643665.130091841,736253.951151318,645555.824096414,722792.805087001,0.1171800000079,0.0791378934379,2020.72611723767,2020.76415934424,235600000,NA
148,149,0.03025,645555.824096414,722792.805087001,645532.526519671,722826.612712512,0.1474300000079,0.1171800000079,2020.76415934424,2020.79440934424,235600000,NA
148,150,0.04257,645555.824096414,722792.805087001,645469.467017935,722776.842978235,0.1597500000079,0.1171800000079,2020.76415934424,2020.80672934424,235600000,NA
149,53,0.01433382514,645532.526519671,722826.612712512,642187.211993129,737022.235063564,0.1617638251479,0.1474300000079,2020.79440934424,2020.80874316938,235600000,hCoV-19/Belgium/ULG-10570/2020|EPI_ISL_626316|2020-10-23|Europe
149,52,0.01433382514,645532.526519671,722826.612712512,646698.49487315,738621.322831856,0.1617638251479,0.1474300000079,2020.79440934424,2020.80874316938,235600000,hCoV-19/Belgium/ULG-10559/2020|EPI_ISL_626257|2020-10-23|Europe
150,54,0.01021054645,645469.467017935,722776.842978235,646025.861802551,722193.47590247,0.1699605464579,0.1597500000079,2020.80672934424,2020.81693989069,235600000,hCoV-19/Belgium/ULG-10677/2020|EPI_ISL_636650|2020-10-26|Europe
150,55,0.00201382513699999,645469.467017935,722776.842978235,652037.041131274,734664.036499466,0.1617638251449,0.1597500000079,2020.80672934424,2020.80874316938,235600000,hCoV-19/Belgium/ULG-10520/2020|EPI_ISL_626263|2020-10-23|Europe
151,57,0.09050054645,636332.909642566,732570.343433489,628333.209009146,733242.104296011,0.1699605464543,0.0794600000043,2020.72643934424,2020.81693989069,235600000,hCoV-19/Belgium/ULG-10638/2020|EPI_ISL_636616|2020-10-26|Europe
151,56,0.09050054645,636332.909642566,732570.343433489,633962.998778781,749003.072640661,0.1699605464543,0.0794600000043,2020.72643934424,2020.81693989069,235600000,hCoV-19/Belgium/ULG-10703/2020|EPI_ISL_636675|2020-10-26|Europe
152,58,0.04949868852,644672.147820729,733809.439859881,622806.268459032,703800.801703472,0.05793868852,0.00844,2020.65541934423,2020.70491803275,235600000,hCoV-19/Belgium/ULG-10722/2020|EPI_ISL_641564|2020-09-15|Europe
152,153,0.00402,644672.147820729,733809.439859881,644577.831412456,733760.064196237,0.01246,0.00844,2020.65541934423,2020.65943934423,235600000,NA
153,155,0.00223999999999999,644577.831412456,733760.064196237,639636.702917957,725383.89514413,0.0147,0.01246,2020.65943934423,2020.66167934423,235600000,NA
153,154,0.0998,644577.831412456,733760.064196237,644178.167931605,733858.671793858,0.11226,0.01246,2020.65943934423,2020.75923934423,235600000,NA
154,60,0.04950382514,644178.167931605,733858.671793858,644055.863783901,755735.405339314,0.16176382514,0.11226,2020.75923934423,2020.80874316937,235600000,hCoV-19/Belgium/ULG-10535/2020|EPI_ISL_626314|2020-10-23|Europe
154,59,0.1150775956,644178.167931605,733858.671793858,645054.612098875,732845.232172713,0.2273375956,0.11226,2020.75923934423,2020.87431693983,235600000,hCoV-19/Belgium/ULG-10786/2020|EPI_ISL_661205|2020-11-16|Europe
155,61,0.002255081967,639636.702917957,725383.89514413,641855.05996874,721250.102271539,0.016955081967,0.0147,2020.66167934423,2020.6639344262,235600000,hCoV-19/Belgium/ULG-10461/2020|EPI_ISL_581632|2020-08-31|Europe
155,156,0.02873783684,639636.702917957,725383.89514413,641812.225890168,721148.883274121,0.04343783684,0.0147,2020.66167934423,2020.69041718107,235600000,NA
156,164,2.90898337498846e-06,641812.225890168,721148.883274121,641809.894385857,721151.622818915,0.043440745823375,0.04343783684,2020.69041718107,2020.69042009006,235600000,NA
156,157,0.02455714769,641812.225890168,721148.883274121,633803.319748795,715939.377311376,0.06799498453,0.04343783684,2020.69041718107,2020.71497432876,235600000,NA
157,62,0.00087266573780001,633803.319748795,715939.377311376,633792.42828258,715956.854660446,0.0688676502678,0.06799498453,2020.71497432876,2020.7158469945,235600000,hCoV-19/Belgium/ULG-10750/2020|EPI_ISL_641592|2020-09-19|Europe
157,158,0.004435015465,633803.319748795,715939.377311376,629979.329737209,718688.4433278,0.072429999995,0.06799498453,2020.71497432876,2020.71940934423,235600000,NA
158,63,0.00736661202200001,629979.329737209,718688.4433278,629984.456011479,709396.33510009,0.079796612017,0.072429999995,2020.71940934423,2020.72677595625,235600000,hCoV-19/Belgium/ULG-10488/2020|EPI_ISL_581651|2020-09-23|Europe
158,159,0.04261,629979.329737209,718688.4433278,625106.589724471,743786.485674594,0.115039999995,0.072429999995,2020.71940934423,2020.76201934423,235600000,NA
159,64,0.05492054645,625106.589724471,743786.485674594,624392.240403784,760912.32328351,0.169960546445,0.115039999995,2020.76201934423,2020.81693989068,235600000,hCoV-19/Belgium/ULG-10693/2020|EPI_ISL_636665|2020-10-26|Europe
159,160,0.0426,625106.589724471,743786.485674594,625106.589724471,743786.485674594,0.157639999995,0.115039999995,2020.76201934423,2020.80461934423,235600000,NA
160,162,0.000719999999999998,625106.589724471,743786.485674594,625143.158829607,743769.377792842,0.158359999995,0.157639999995,2020.80461934423,2020.80533934423,235600000,NA
160,161,0.00262000000000001,625106.589724471,743786.485674594,634494.520934216,764414.768849877,0.160259999995,0.157639999995,2020.80461934423,2020.80723934423,235600000,NA
161,65,0.0206295082,634494.520934216,764414.768849877,640647.474769294,739022.388122392,0.180889508195,0.160259999995,2020.80723934423,2020.82786885243,235600000,hCoV-19/Belgium/ULG-10780/2020|EPI_ISL_644626|2020-10-30|Europe
161,66,0.00150382513700001,634494.520934216,764414.768849877,634529.635484386,764389.831026868,0.161763825132,0.160259999995,2020.80723934423,2020.80874316937,235600000,hCoV-19/Belgium/ULG-10534/2020|EPI_ISL_626310|2020-10-23|Europe
162,163,0.000939999999999996,625143.158829607,743769.377792842,625085.345622165,743759.854694444,0.159299999995,0.158359999995,2020.80533934423,2020.80627934423,235600000,NA
162,67,0.00340382513699999,625143.158829607,743769.377792842,624375.257586961,740750.214077089,0.161763825132,0.158359999995,2020.80533934423,2020.80874316937,235600000,hCoV-19/Belgium/ULG-10522/2020|EPI_ISL_626287|2020-10-23|Europe
163,69,0.01066054645,625085.345622165,743759.854694444,631588.928999788,746428.019672335,0.169960546445,0.159299999995,2020.80627934423,2020.81693989068,235600000,hCoV-19/Belgium/ULG-10643/2020|EPI_ISL_636621|2020-10-26|Europe
163,68,0.01066054645,625085.345622165,743759.854694444,625629.04267399,743441.345336279,0.169960546445,0.159299999995,2020.80627934423,2020.81693989068,235600000,hCoV-19/Belgium/ULG-10681/2020|EPI_ISL_636653|2020-10-26|Europe
164,165,0.000409254172000023,641809.894385857,721151.622818915,641810.801362476,721144.846922768,0.043849999995375,0.043440745823375,2020.69042009006,2020.69082934423,235600000,NA
164,70,0.1183230793,641809.894385857,721151.622818915,645289.497313741,742656.737369953,0.161763825123375,0.043440745823375,2020.69042009006,2020.80874316936,235600000,hCoV-19/Belgium/ULG-10575/2020|EPI_ISL_626319|2020-10-23|Europe
165,166,0.02038379513,641810.801362476,721144.846922768,662391.992222715,691690.711304443,0.064233795125375,0.043849999995375,2020.69082934423,2020.71121313936,235600000,NA
165,71,0.1862198361,641810.801362476,721144.846922768,635316.768860703,703451.752572003,0.230069836095375,0.043849999995375,2020.69082934423,2020.87704918033,235600000,hCoV-19/Belgium/ULG-10810/2020|EPI_ISL_661212|2020-11-17|Europe
166,167,0.000946204866,662391.992222715,691690.711304443,667417.842271313,672493.405226774,0.065179999991375,0.064233795125375,2020.71121313936,2020.71215934423,235600000,NA
166,182,0.000825421980099994,662391.992222715,691690.711304443,662398.784649642,691679.785642337,0.065059217105475,0.064233795125375,2020.71121313936,2020.71203856134,235600000,NA
167,168,0.000280000000000002,667417.842271313,672493.405226774,667408.736538778,672498.195623364,0.065459999991375,0.065179999991375,2020.71215934423,2020.71243934423,235600000,NA
167,72,0.0501357377,667417.842271313,672493.405226774,666978.612262668,672690.276978084,0.115315737691375,0.065179999991375,2020.71215934423,2020.76229508193,235600000,SARS2-CoV/Belgium/Human/rega-10061040
168,73,0.0498557377,667408.736538778,672498.195623364,672298.836403974,656009.431033498,0.115315737691375,0.065459999991375,2020.71243934423,2020.76229508193,235600000,SARS2-CoV/Belgium/Human/rega-10061043
168,169,0.00861999999999999,667408.736538778,672498.195623364,643587.643970648,746344.495035355,0.074079999991375,0.065459999991375,2020.71243934423,2020.72105934423,235600000,NA
169,74,0.09588054645,643587.643970648,746344.495035355,641639.982183166,757502.61231474,0.169960546441375,0.074079999991375,2020.72105934423,2020.81693989068,235600000,hCoV-19/Belgium/ULG-10660/2020|EPI_ISL_636637|2020-10-26|Europe
169,170,0.00365000000000001,643587.643970648,746344.495035355,643549.51069892,746182.939837757,0.077729999991375,0.074079999991375,2020.72105934423,2020.72470934423,235600000,NA
170,172,0.01789,643549.51069892,746182.939837757,649388.113549597,739588.944731755,0.095619999991375,0.077729999991375,2020.72470934423,2020.74259934423,235600000,NA
170,171,0.05907,643549.51069892,746182.939837757,643630.688769422,746283.649501122,0.136799999991375,0.077729999991375,2020.72470934423,2020.78377934423,235600000,NA
171,76,0.02496382514,643630.688769422,746283.649501122,643709.793076761,746304.687407351,0.161763825131375,0.136799999991375,2020.78377934423,2020.80874316937,235600000,hCoV-19/Belgium/ULG-10536/2020|EPI_ISL_626284|2020-10-23|Europe
171,75,0.02496382514,643630.688769422,746283.649501122,644804.081343849,744566.284746577,0.161763825131375,0.136799999991375,2020.78377934423,2020.80874316937,235600000,hCoV-19/Belgium/ULG-10511/2020|EPI_ISL_626285|2020-10-23|Europe
172,173,0.05471,649388.113549597,739588.944731755,637073.322549755,708823.152670003,0.150329999991375,0.095619999991375,2020.74259934423,2020.79730934423,235600000,NA
172,175,0.01852,649388.113549597,739588.944731755,649508.257288881,739675.564582048,0.114139999991375,0.095619999991375,2020.74259934423,2020.76111934423,235600000,NA
173,174,0.00942000000000001,637073.322549755,708823.152670003,637137.053152139,708810.28505384,0.159749999991375,0.150329999991375,2020.79730934423,2020.80672934423,235600000,NA
173,77,0.01963054645,637073.322549755,708823.152670003,613591.485470249,730384.325767561,0.169960546441375,0.150329999991375,2020.79730934423,2020.81693989068,235600000,hCoV-19/Belgium/ULG-10686/2020|EPI_ISL_636658|2020-10-26|Europe
174,78,0.01021054645,637137.053152139,708810.28505384,633721.253076954,704924.793068142,0.169960546441375,0.159749999991375,2020.80672934423,2020.81693989068,235600000,hCoV-19/Belgium/ULG-10672/2020|EPI_ISL_636647|2020-10-26|Europe
174,79,0.01021054645,637137.053152139,708810.28505384,637212.364491342,708823.447588546,0.169960546441375,0.159749999991375,2020.80672934423,2020.81693989068,235600000,hCoV-19/Belgium/ULG-10669/2020|EPI_ISL_636645|2020-10-26|Europe
175,80,0.05308830601,649508.257288881,739675.564582048,644612.810417343,739432.076587003,0.167228306001375,0.114139999991375,2020.76111934423,2020.81420765024,235600000,hCoV-19/Belgium/ULG-10675/2020|EPI_ISL_636649|2020-10-25|Europe
175,176,0.000399999999999998,649508.257288881,739675.564582048,649546.075951446,739689.478301038,0.114539999991375,0.114139999991375,2020.76111934423,2020.76151934423,235600000,NA
176,81,0.05542054645,649546.075951446,739689.478301038,649442.725207533,739747.487098653,0.169960546441375,0.114539999991375,2020.76151934423,2020.81693989068,235600000,hCoV-19/Belgium/ULG-10690/2020|EPI_ISL_636662|2020-10-26|Europe
176,177,0.000229999999999994,649546.075951446,739689.478301038,649493.375330564,739734.153299649,0.114769999991375,0.114539999991375,2020.76151934423,2020.76174934423,235600000,NA
177,178,5e-04,649493.375330564,739734.153299649,649497.929988338,739727.855923917,0.115269999991375,0.114769999991375,2020.76174934423,2020.76224934423,235600000,NA
177,82,0.05519054645,649493.375330564,739734.153299649,630045.00645454,713743.084903931,0.169960546441375,0.114769999991375,2020.76174934423,2020.81693989068,235600000,hCoV-19/Belgium/ULG-10698/2020|EPI_ISL_636670|2020-10-26|Europe
178,83,0.05469054645,649497.929988338,739727.855923917,649094.123261248,740614.642236208,0.169960546441375,0.115269999991375,2020.76224934423,2020.81693989068,235600000,hCoV-19/Belgium/ULG-10684/2020|EPI_ISL_636656|2020-10-26|Europe
178,179,0.01637,649497.929988338,739727.855923917,653490.10442911,733125.686434706,0.131639999991375,0.115269999991375,2020.76224934423,2020.77861934423,235600000,NA
179,180,0.02625082789,653490.10442911,733125.686434706,644526.586478158,729429.376465129,0.157890827881375,0.131639999991375,2020.77861934423,2020.80487017212,235600000,NA
179,84,0.04105278689,653490.10442911,733125.686434706,653327.287267516,733168.779489202,0.172692786881375,0.131639999991375,2020.77861934423,2020.81967213112,235600000,hCoV-19/Belgium/ULG-10683/2020|EPI_ISL_636655|2020-10-27|Europe
180,181,0.000469172113600008,644526.586478158,729429.376465129,644544.170413935,729421.009136632,0.158359999994975,0.157890827881375,2020.80487017212,2020.80533934423,235600000,NA
180,85,0.00387299725000001,644526.586478158,729429.376465129,644507.072193049,729461.789250018,0.161763825131375,0.157890827881375,2020.80487017212,2020.80874316937,235600000,hCoV-19/Belgium/ULG-10542/2020|EPI_ISL_626266|2020-10-23|Europe
181,87,0.00340382513699999,644544.170413935,729421.009136632,651241.263354985,763342.076621762,0.161763825131975,0.158359999994975,2020.80533934423,2020.80874316937,235600000,hCoV-19/Belgium/ULG-10588/2020|EPI_ISL_626338|2020-10-23|Europe
181,86,0.00340382513699999,644544.170413935,729421.009136632,636924.690637306,730905.238040296,0.161763825131975,0.158359999994975,2020.80533934423,2020.80874316937,235600000,hCoV-19/Belgium/ULG-10546/2020|EPI_ISL_626290|2020-10-23|Europe
182,183,0.02952078289,662398.784649642,691679.785642337,661245.074201007,656944.285921705,0.094579999995475,0.065059217105475,2020.71203856134,2020.74155934423,235600000,NA
182,88,0.00380843315900001,662398.784649642,691679.785642337,662402.410741094,691701.620877613,0.068867650264475,0.065059217105475,2020.71203856134,2020.7158469945,235600000,SARS2-CoV/Belgium/Human/rega-09191060
183,184,0.01648048334,661245.074201007,656944.285921705,661075.722826079,656918.509299519,0.111060483335475,0.094579999995475,2020.74155934423,2020.75803982757,235600000,NA
183,89,0.07538054645,661245.074201007,656944.285921705,632279.655464064,699176.984480051,0.169960546445475,0.094579999995475,2020.74155934423,2020.81693989068,235600000,hCoV-19/Belgium/ULG-10697/2020|EPI_ISL_636669|2020-10-26|Europe
184,185,0.0008495166577,661075.722826079,656918.509299519,661068.790592849,656933.249630774,0.111909999993175,0.111060483335475,2020.75803982757,2020.75888934423,235600000,NA
184,186,0.0008495166577,661075.722826079,656918.509299519,661068.790592849,656933.249630774,0.111909999993175,0.111060483335475,2020.75803982757,2020.75888934423,235600000,NA
185,91,0.00340573770499999,661068.790592849,656933.249630774,662746.796008034,654399.97946343,0.115315737698175,0.111909999993175,2020.75888934423,2020.76229508193,235600000,SARS2-CoV/Belgium/Human/rega-10061035
185,90,0.00340573770499999,661068.790592849,656933.249630774,674355.864171605,659211.976659371,0.115315737698175,0.111909999993175,2020.75888934423,2020.76229508193,235600000,SARS2-CoV/Belgium/Human/rega-10061036
186,187,0.04695,661068.790592849,656933.249630774,630355.878720576,717717.300940855,0.158859999993175,0.111909999993175,2020.75888934423,2020.80583934423,235600000,NA
186,92,0.00340573770499999,661068.790592849,656933.249630774,660713.611057447,657013.436196594,0.115315737698175,0.111909999993175,2020.75888934423,2020.76229508193,235600000,SARS2-CoV/Belgium/Human/rega-10061037
187,93,0.01110054645,630355.878720576,717717.300940855,623609.738901011,716935.158597747,0.169960546443175,0.158859999993175,2020.80583934423,2020.81693989068,235600000,hCoV-19/Belgium/ULG-10701/2020|EPI_ISL_636673|2020-10-26|Europe
187,94,0.02476174863,630355.878720576,717717.300940855,630198.058928442,717764.578706006,0.183621748623175,0.158859999993175,2020.80583934423,2020.83060109286,235600000,hCoV-19/Belgium/ULG-10777/2020|EPI_ISL_644623|2020-10-31|Europe
