node1,node2,length,startLat,startLon,endLat,endLon,endNodeL,startNodeL,startYear,endYear,treeID,tipLabel
362,363,0.04035,50.6437554691039,5.71656950565202,50.6409806239702,5.74105597656338,0.04035,0,2020.6481493443,2020.6884993443,54000000,NA
363,357,0.1202438251,50.6409806239702,5.74105597656338,50.6382946131106,5.70546722478366,0.1605938251,0.04035,2020.6884993443,2020.8087431694,54000000,hCoV-19/Belgium/ULG-10571/2020|EPI_ISL_626281|2020-10-23|Europe
363,358,0.02734765027,50.6409806239702,5.74105597656338,50.5734859753555,5.87800936797176,0.06769765027,0.04035,2020.6884993443,2020.71584699457,54000000,hCoV-19/Belgium/ULG-10744/2020|EPI_ISL_641586|2020-09-19|Europe
364,359,0.02006956284,50.6460511697949,5.72019423100328,50.6398488069894,5.71872127462748,0.02124956284,0.00117999999999999,2020.6493293443,2020.66939890714,54000000,hCoV-19/Belgium/ULG-10605/2020|EPI_ISL_626244|2020-09-02|Europe
372,366,0.05790054645,50.6337510482122,5.58089573214476,50.621576096548,5.63053928035363,0.05790054645,0,2020.75903934426,2020.81693989071,54000000,hCoV-19/Belgium/ULG-10680/2020|EPI_ISL_636652|2020-10-26|Europe
372,373,0.02067,50.6337510482122,5.58089573214476,50.6309278885943,5.58180183700176,0.02067,0,2020.75903934426,2020.77970934426,54000000,NA
373,367,0.02903382514,50.6309278885943,5.58180183700176,50.549795129899,5.45297487731747,0.04970382514,0.02067,2020.77970934426,2020.8087431694,54000000,hCoV-19/Belgium/ULG-10562/2020|EPI_ISL_626323|2020-10-23|Europe
373,374,0.0249,50.6309278885943,5.58180183700176,50.6318116682044,5.59625298689987,0.04557,0.02067,2020.77970934426,2020.80460934426,54000000,NA
374,375,0.000719999999999998,50.6318116682044,5.59625298689987,50.6262000432343,5.59634520956092,0.04629,0.04557,2020.80460934426,2020.80532934426,54000000,NA
374,368,0.004133825137,50.6318116682044,5.59625298689987,50.6284653405993,5.85410772075234,0.049703825137,0.04557,2020.80460934426,2020.8087431694,54000000,hCoV-19/Belgium/ULG-10557/2020|EPI_ISL_626268|2020-10-23|Europe
375,376,0.000940000000000003,50.6262000432343,5.59634520956092,50.5644503026079,5.39268198965133,0.04723,0.04629,2020.80532934426,2020.80626934426,54000000,NA
375,369,0.003413825137,50.6262000432343,5.59634520956092,50.624476238271,5.59643698053705,0.049703825137,0.04629,2020.80532934426,2020.8087431694,54000000,hCoV-19/Belgium/ULG-10515/2020|EPI_ISL_626331|2020-10-23|Europe
376,370,0.01067054645,50.5644503026079,5.39268198965133,50.5438534344152,5.38232144724287,0.05790054645,0.04723,2020.80626934426,2020.81693989071,54000000,hCoV-19/Belgium/ULG-10714/2020|EPI_ISL_636685|2020-10-26|Europe
376,371,0.01067054645,50.5644503026079,5.39268198965133,50.5712113842007,5.4243337281521,0.05790054645,0.04723,2020.80626934426,2020.81693989071,54000000,hCoV-19/Belgium/ULG-10709/2020|EPI_ISL_636680|2020-10-26|Europe
397,379,0.04973382514,50.5497999940849,5.49683679574817,50.5668979158271,5.33022769793464,0.15877382514,0.10904,2020.75900934426,2020.8087431694,54000000,hCoV-19/Belgium/ULG-10579/2020|EPI_ISL_626324|2020-10-23|Europe
397,380,0.04973382514,50.5497999940849,5.49683679574817,50.5497093317281,5.49900295465256,0.15877382514,0.10904,2020.75900934426,2020.8087431694,54000000,hCoV-19/Belgium/ULG-10561/2020|EPI_ISL_626330|2020-10-23|Europe
434,421,0.01022054645,50.5268283222209,5.32278088595677,50.5233956023885,5.30659978701522,0.14962054645,0.1394,2020.80671934426,2020.81693989071,54000000,hCoV-19/Belgium/ULG-10678/2020|EPI_ISL_636651|2020-10-26|Europe
434,422,0.002023825137,50.5268283222209,5.32278088595677,50.5502758963804,5.80869287580121,0.141423825137,0.1394,2020.80671934426,2020.8087431694,54000000,hCoV-19/Belgium/ULG-10541/2020|EPI_ISL_626299|2020-10-23|Europe
541,542,0.02628,50.5864296915807,5.53967706798444,50.5853426836098,5.53311356395835,0.02688,0.000599999999999989,2020.64757934423,2020.67385934423,54000000,NA
542,544,0.02166,50.5853426836098,5.53311356395835,50.5847333382749,5.53281744594961,0.04854,0.02688,2020.67385934423,2020.69551934423,54000000,NA
544,449,0.1214205464,50.5847333382749,5.53281744594961,50.5319084979423,5.59539968931245,0.1699605464,0.04854,2020.69551934423,2020.81693989063,54000000,hCoV-19/Belgium/ULG-10656/2020|EPI_ISL_636633|2020-10-26|Europe
544,545,0.00219,50.5847333382749,5.53281744594961,50.5851113582464,5.53209094287649,0.05073,0.04854,2020.69551934423,2020.69770934423,54000000,NA
545,547,0.00223999999999999,50.5851113582464,5.53209094287649,50.5853937497911,5.53221434078248,0.05297,0.05073,2020.69770934423,2020.69994934423,54000000,NA
545,546,0.10901,50.5851113582464,5.53209094287649,50.5602309499712,5.21488621571302,0.15974,0.05073,2020.69770934423,2020.80671934423,54000000,NA
546,450,0.01022054645,50.5602309499712,5.21488621571302,50.5732579379088,5.21779610741537,0.16996054645,0.15974,2020.80671934423,2020.81693989068,54000000,hCoV-19/Belgium/ULG-10705/2020|EPI_ISL_636677|2020-10-26|Europe
546,451,0.01022054645,50.5602309499712,5.21488621571302,50.5608752768715,5.21228032622584,0.16996054645,0.15974,2020.80671934423,2020.81693989068,54000000,hCoV-19/Belgium/ULG-10713/2020|EPI_ISL_636684|2020-10-26|Europe
547,548,0.08407,50.5853937497911,5.53221434078248,50.6595070610984,5.40614829122909,0.13704,0.05297,2020.69994934423,2020.78401934423,54000000,NA
547,550,0.01291403433,50.5853937497911,5.53221434078248,50.5857753931759,5.53181821330192,0.06588403433,0.05297,2020.69994934423,2020.71286337856,54000000,NA
548,452,0.02745606557,50.6595070610984,5.40614829122909,50.6585892049524,5.41414246970088,0.16449606557,0.13704,2020.78401934423,2020.8114754098,54000000,hCoV-19/Belgium/ULG-10649/2020|EPI_ISL_636627|2020-10-24|Europe
548,549,0.02271,50.6595070610984,5.40614829122909,50.599112821233,5.32694818293569,0.15975,0.13704,2020.78401934423,2020.80672934423,54000000,NA
549,453,0.01021054645,50.599112821233,5.32694818293569,50.6064772685808,5.58176115302684,0.16996054645,0.15975,2020.80672934423,2020.81693989068,54000000,hCoV-19/Belgium/ULG-10702/2020|EPI_ISL_636674|2020-10-26|Europe
549,454,0.00201382513699999,50.599112821233,5.32694818293569,50.598863759483,5.32618492424902,0.161763825137,0.15975,2020.80672934423,2020.80874316937,54000000,hCoV-19/Belgium/ULG-10507/2020|EPI_ISL_626256|2020-10-23|Europe
550,551,0.000555965667000002,50.5857753931759,5.53181821330192,50.5863515985171,5.52488225318085,0.066439999997,0.06588403433,2020.71286337856,2020.71341934423,54000000,NA
550,455,0.01118033725,50.5857753931759,5.53181821330192,50.5603275862011,5.43310729170665,0.07706437158,0.06588403433,2020.71286337856,2020.72404371581,54000000,hCoV-19/Belgium/ULG-10470/2020|EPI_ISL_581640|2020-09-22|Europe
551,457,0.00242765027299999,50.5863515985171,5.52488225318085,50.5590408153642,5.80726701337188,0.06886765027,0.066439999997,2020.71341934423,2020.7158469945,54000000,hCoV-19/Belgium/ULG-10754/2020|EPI_ISL_641596|2020-09-19|Europe
551,456,0.00242765027299999,50.5863515985171,5.52488225318085,50.7190217557044,5.61891756550378,0.06886765027,0.066439999997,2020.71341934423,2020.7158469945,54000000,hCoV-19/Belgium/ULG-10753/2020|EPI_ISL_641595|2020-09-19|Europe
552,553,0.04180963825,50.5865510879164,5.53943127478735,50.5856087541608,5.54024984734406,0.04390963825,0.00209999999999999,2020.64907934423,2020.69088898248,54000000,NA
553,554,0.000110361750400023,50.5856087541608,5.54024984734406,50.5855770947503,5.54038143178332,0.0440200000004,0.04390963825,2020.69088898248,2020.69099934424,54000000,NA
553,557,0.000110361750400023,50.5856087541608,5.54024984734406,50.5855770947503,5.54038143178332,0.0440200000004,0.04390963825,2020.69088898248,2020.69099934424,54000000,NA
554,556,0.11572,50.5855770947503,5.54038143178332,50.61652772305,5.71234350775982,0.1597400000004,0.0440200000004,2020.69099934424,2020.80671934424,54000000,NA
554,555,0.11724,50.5855770947503,5.54038143178332,50.6456665526249,5.22469977005038,0.1612600000004,0.0440200000004,2020.69099934424,2020.80823934424,54000000,NA
555,458,0.05788087432,50.6456665526249,5.22469977005038,50.6568110973084,5.26978460868922,0.2191408743204,0.1612600000004,2020.80823934424,2020.86612021856,54000000,hCoV-19/Belgium/ULG-10826/2020|EPI_ISL_661215|2020-11-13|Europe
555,459,0.05788087432,50.6456665526249,5.22469977005038,50.6461786218041,5.22314069461316,0.2191408743204,0.1612600000004,2020.80823934424,2020.86612021856,54000000,hCoV-19/Belgium/ULG-10829/2020|EPI_ISL_661202|2020-11-13|Europe
556,461,0.01022054645,50.61652772305,5.71234350775982,50.5271827788831,5.55244476937876,0.1699605464504,0.1597400000004,2020.80671934424,2020.81693989069,54000000,hCoV-19/Belgium/ULG-10687/2020|EPI_ISL_636659|2020-10-26|Europe
556,460,0.02934622951,50.61652772305,5.71234350775982,50.6149560335823,5.71889727916648,0.1890862295104,0.1597400000004,2020.80671934424,2020.83606557374,54000000,hCoV-19/Belgium/ULG-10768/2020|EPI_ISL_644614|2020-11-02|Europe
557,570,0.01604156848,50.5855770947503,5.54038143178332,50.5870258645036,5.53871461193066,0.0600615684804,0.0440200000004,2020.69099934424,2020.70704091272,54000000,NA
557,558,0.00295999999999999,50.5855770947503,5.54038143178332,50.5852253394464,5.54007219944876,0.0469800000004,0.0440200000004,2020.69099934424,2020.69395934424,54000000,NA
558,559,0.03003,50.5852253394464,5.54007219944876,50.58358697683,5.54124555683047,0.0770100000004,0.0469800000004,2020.69395934424,2020.72398934423,54000000,NA
558,564,0.01622,50.5852253394464,5.54007219944876,50.5856507804909,5.54135561155654,0.0632000000004,0.0469800000004,2020.69395934424,2020.71017934424,54000000,NA
559,462,0.0383057377,50.58358697683,5.54124555683047,50.6001269872657,5.53178247107078,0.1153157377004,0.0770100000004,2020.72398934423,2020.76229508194,54000000,hCoV-19/Belgium/ULG-10762/2020|EPI_ISL_641604|2020-10-06|Europe
559,560,0.00211816285399999,50.58358697683,5.54124555683047,50.5842559662375,5.54411403126762,0.0791281628544,0.0770100000004,2020.72398934423,2020.72610750709,54000000,NA
560,463,0.000668449167700008,50.5842559662375,5.54411403126762,50.5842127185224,5.54394533289761,0.0797966120221,0.0791281628544,2020.72610750709,2020.72677595626,54000000,hCoV-19/Belgium/ULG-10493/2020|EPI_ISL_581655|2020-09-23|Europe
560,561,0.000461837145800004,50.5842559662375,5.54411403126762,50.5841774862555,5.54425791189558,0.0795900000002,0.0791281628544,2020.72610750709,2020.72656934423,54000000,NA
561,464,0.08763830601,50.5841774862555,5.54425791189558,50.5818490642895,5.52762361511877,0.1672283060102,0.0795900000002,2020.72656934423,2020.81420765024,54000000,hCoV-19/Belgium/ULG-10628/2020|EPI_ISL_636607|2020-10-25|Europe
561,562,0.00270000000000001,50.5841774862555,5.54425791189558,50.5872596979897,5.54879014344451,0.0822900000002,0.0795900000002,2020.72656934423,2020.72926934423,54000000,NA
562,465,0.002971092896,50.5872596979897,5.54879014344451,50.700319953354,5.64680417678163,0.0852610928962,0.0822900000002,2020.72926934423,2020.73224043713,54000000,hCoV-19/Belgium/ULG-10503/2020|EPI_ISL_581665|2020-09-25|Europe
562,563,0.02974,50.5872596979897,5.54879014344451,50.6551870199674,5.5812945089207,0.1120300000002,0.0822900000002,2020.72926934423,2020.75900934423,54000000,NA
563,466,0.04973382514,50.6551870199674,5.5812945089207,50.6538634031423,5.57798432088365,0.1617638251402,0.1120300000002,2020.75900934423,2020.80874316937,54000000,hCoV-19/Belgium/ULG-10591/2020|EPI_ISL_626337|2020-10-23|Europe
564,567,0.00289,50.5856507804909,5.54135561155654,50.5879864866507,5.54506283335017,0.0660900000004,0.0632000000004,2020.71017934424,2020.71306934424,54000000,NA
564,565,0.0964301302,50.5856507804909,5.54135561155654,50.6458608740439,5.65727696962117,0.1596301302004,0.0632000000004,2020.71017934424,2020.80660947443,54000000,NA
565,566,0.000109869802399992,50.6458608740439,5.65727696962117,50.6085580408155,5.75056865593177,0.1597400000028,0.1596301302004,2020.80660947443,2020.80671934424,54000000,NA
565,468,0.02399161844,50.6458608740439,5.65727696962117,50.6463230679354,5.65873913659464,0.1836217486404,0.1596301302004,2020.80660947443,2020.83060109287,54000000,hCoV-19/Belgium/ULG-10766/2020|EPI_ISL_644612|2020-10-31|Europe
566,470,0.01022054645,50.6085580408155,5.75056865593177,50.6088327684851,5.75144365301177,0.1699605464528,0.1597400000028,2020.80671934424,2020.81693989069,54000000,hCoV-19/Belgium/ULG-10674/2020|EPI_ISL_636648|2020-10-26|Europe
566,469,0.07032983607,50.6085580408155,5.75056865593177,50.5868486960759,5.9003447068014,0.2300698360728,0.1597400000028,2020.80671934424,2020.87704918031,54000000,hCoV-19/Belgium/ULG-10798/2020|EPI_ISL_661208|2020-11-17|Europe
567,569,0.0103,50.5879864866507,5.54506283335017,50.5848064043649,5.5421727485432,0.0763900000004,0.0660900000004,2020.71306934424,2020.72336934423,54000000,NA
567,568,0.09315,50.5879864866507,5.54506283335017,50.5854169329485,5.54549536054852,0.1592400000004,0.0660900000004,2020.71306934424,2020.80621934423,54000000,NA
568,471,0.06809759563,50.5854169329485,5.54549536054852,50.5843141665741,5.5515586319226,0.2273375956304,0.1592400000004,2020.80621934423,2020.87431693987,54000000,hCoV-19/Belgium/ULG-10782/2020|EPI_ISL_661204|2020-11-16|Europe
568,472,0.06809759563,50.5854169329485,5.54549536054852,50.6003007379645,5.55277975419199,0.2273375956304,0.1592400000004,2020.80621934423,2020.87431693987,54000000,hCoV-19/Belgium/ULG-10796/2020|EPI_ISL_661206|2020-11-16|Europe
569,474,0.006138852459,50.5848064043649,5.5421727485432,50.6001087518383,5.92400273966416,0.0825288524594,0.0763900000004,2020.72336934423,2020.72950819669,54000000,hCoV-19/Belgium/ULG-10501/2020|EPI_ISL_581663|2020-09-24|Europe
569,473,0.00340661202200002,50.5848064043649,5.5421727485432,50.5340400383137,5.32340461504636,0.0797966120224,0.0763900000004,2020.72336934423,2020.72677595626,54000000,hCoV-19/Belgium/ULG-10490/2020|EPI_ISL_581653|2020-09-23|Europe
570,571,0.00195843152300001,50.5870258645036,5.53871461193066,50.5920652659959,5.43060543536491,0.0620200000034,0.0600615684804,2020.70704091272,2020.70899934424,54000000,NA
570,585,0.000108431522999997,50.5870258645036,5.53871461193066,50.5869257740133,5.53799991772091,0.0601700000034,0.0600615684804,2020.70704091272,2020.70714934424,54000000,NA
571,572,0.01504,50.5920652659959,5.43060543536491,50.6026883985908,5.5865377424208,0.0770600000034,0.0620200000034,2020.70899934424,2020.72403934424,54000000,NA
571,573,0.000687934469499996,50.5920652659959,5.43060543536491,50.5919962910784,5.43047345349467,0.0627079344729,0.0620200000034,2020.70899934424,2020.70968727871,54000000,NA
572,476,4.37158475297128e-06,50.6026883985908,5.5865377424208,50.6026931995521,5.5864000745534,0.077064371588153,0.0770600000034,2020.72403934424,2020.72404371582,54000000,hCoV-19/Belgium/ULG-10412/2020|EPI_ISL_581579|2020-09-22|Europe
573,477,0.1673619016,50.5919962910784,5.43047345349467,50.5837801915248,5.39567899803617,0.2300698360729,0.0627079344729,2020.70968727871,2020.87704918031,54000000,hCoV-19/Belgium/ULG-10802/2020|EPI_ISL_661209|2020-11-17|Europe
573,574,0.000372065530499982,50.5919962910784,5.43047345349467,50.5918833464008,5.43102111687845,0.0630800000034,0.0627079344729,2020.70968727871,2020.71005934424,54000000,NA
574,478,0.1205417486,50.5918833464008,5.43102111687845,50.5908616327396,5.44002814295232,0.1836217486034,0.0630800000034,2020.71005934424,2020.83060109284,54000000,hCoV-19/Belgium/ULG-10771/2020|EPI_ISL_644617|2020-10-31|Europe
574,575,0.01151,50.5918833464008,5.43102111687845,50.5922599081863,5.42656151192551,0.0745900000034,0.0630800000034,2020.71005934424,2020.72156934424,54000000,NA
575,580,0.07853,50.5922599081863,5.42656151192551,50.5925316647954,5.42836443797114,0.1531200000034,0.0745900000034,2020.72156934424,2020.80009934424,54000000,NA
577,480,0.02497382514,50.5693851369938,5.54348681391881,50.4753942543839,5.48686451985821,0.1617638251404,0.1367900000004,2020.78376934423,2020.80874316938,54000000,hCoV-19/Belgium/ULG-10543/2020|EPI_ISL_626318|2020-10-23|Europe
577,479,0.02497382514,50.5693851369938,5.54348681391881,50.5714297606348,5.5386012866128,0.1617638251404,0.1367900000004,2020.78376934423,2020.80874316938,54000000,hCoV-19/Belgium/ULG-10524/2020|EPI_ISL_626313|2020-10-23|Europe
579,482,0.003413825137,50.707999878847,5.49752188388946,50.706741118196,5.48862018900752,0.16176382514,0.158350000003,2020.80532934424,2020.80874316937,54000000,hCoV-19/Belgium/ULG-10519/2020|EPI_ISL_626293|2020-10-23|Europe
579,483,0.003413825137,50.707999878847,5.49752188388946,50.6377581575192,5.61245224472758,0.16176382514,0.158350000003,2020.80532934424,2020.80874316937,54000000,hCoV-19/Belgium/ULG-10583/2020|EPI_ISL_626269|2020-10-23|Europe
580,484,0.06602087432,50.5925316647954,5.42836443797114,50.5939073731734,5.36523387483661,0.2191408743234,0.1531200000034,2020.80009934424,2020.86612021856,54000000,hCoV-19/Belgium/ULG-10828/2020|EPI_ISL_661216|2020-11-13|Europe
580,581,0.00223999999999999,50.5925316647954,5.42836443797114,50.5853937497911,5.53221434078248,0.1553600000034,0.1531200000034,2020.80009934424,2020.80233934424,54000000,NA
581,582,0.00212999999999999,50.5853937497911,5.53221434078248,50.7586926657469,5.59332820751722,0.1574900000034,0.1553600000034,2020.80233934424,2020.80446934424,54000000,NA
581,485,0.07197759563,50.5853937497911,5.53221434078248,50.4520802118672,5.64919037655226,0.2273375956334,0.1553600000034,2020.80233934424,2020.87431693987,54000000,hCoV-19/Belgium/ULG-10792/2020|EPI_ISL_661201|2020-11-16|Europe
582,584,0.00190000000000001,50.7586926657469,5.59332820751722,50.7587656869653,5.59346517154493,0.1593900000034,0.1574900000034,2020.80446934424,2020.80636934424,54000000,NA
582,583,0.000920000000000004,50.7586926657469,5.59332820751722,50.7580240960291,5.59352332294346,0.1584100000034,0.1574900000034,2020.80446934424,2020.80538934424,54000000,NA
583,487,0.003353825137,50.7580240960291,5.59352332294346,50.7558168999649,5.61554566269905,0.1617638251404,0.1584100000034,2020.80538934424,2020.80874316938,54000000,hCoV-19/Belgium/ULG-10552/2020|EPI_ISL_626304|2020-10-23|Europe
583,486,0.003353825137,50.7580240960291,5.59352332294346,50.7277947028649,5.54492137337612,0.1617638251404,0.1584100000034,2020.80538934424,2020.80874316938,54000000,hCoV-19/Belgium/ULG-10560/2020|EPI_ISL_626328|2020-10-23|Europe
584,489,0.01057054645,50.7587656869653,5.59346517154493,50.6346934398037,5.53240965268615,0.1699605464534,0.1593900000034,2020.80636934424,2020.81693989069,54000000,hCoV-19/Belgium/ULG-10642/2020|EPI_ISL_636620|2020-10-26|Europe
584,488,0.00237382513699999,50.7587656869653,5.59346517154493,50.7586551920891,5.59328150895066,0.1617638251404,0.1593900000034,2020.80636934424,2020.80874316938,54000000,hCoV-19/Belgium/ULG-10581/2020|EPI_ISL_626339|2020-10-23|Europe
585,490,0.1015938251,50.5869257740133,5.53799991772091,50.6400073927487,5.58626827132511,0.1617638251034,0.0601700000034,2020.70714934424,2020.80874316934,54000000,hCoV-19/Belgium/ULG-10576/2020|EPI_ISL_626267|2020-10-23|Europe
585,586,0.01839993453,50.5869257740133,5.53799991772091,50.5876449742005,5.53873385634339,0.0785699345334,0.0601700000034,2020.70714934424,2020.72554927877,54000000,NA
586,590,0.00056795890450001,50.5876449742005,5.53873385634339,50.5882481486423,5.58526221950847,0.0791378934379,0.0785699345334,2020.72554927877,2020.72611723767,54000000,NA
586,587,0.000890065470899981,50.5876449742005,5.53873385634339,50.588352447536,5.53960253687614,0.0794600000043,0.0785699345334,2020.72554927877,2020.72643934424,54000000,NA
587,491,0.08230382514,50.588352447536,5.53960253687614,50.5989878789255,5.59587780846607,0.1617638251443,0.0794600000043,2020.72643934424,2020.80874316938,54000000,hCoV-19/Belgium/ULG-10547/2020|EPI_ISL_626305|2020-10-23|Europe
587,588,0.03524,50.588352447536,5.53960253687614,50.6358402974478,5.66278446787346,0.1147000000043,0.0794600000043,2020.72643934424,2020.76167934424,54000000,NA
588,492,0.05526054645,50.6358402974478,5.66278446787346,50.6350614581141,5.66430390553954,0.1699605464543,0.1147000000043,2020.76167934424,2020.81693989069,54000000,hCoV-19/Belgium/ULG-10682/2020|EPI_ISL_636654|2020-10-26|Europe
588,589,0.04402,50.6358402974478,5.66278446787346,50.6394231403803,5.66513976751109,0.1587200000043,0.1147000000043,2020.76167934424,2020.80569934424,54000000,NA
589,494,0.07134983607,50.6394231403803,5.66513976751109,50.4319077203795,5.85944956528266,0.2300698360743,0.1587200000043,2020.80569934424,2020.87704918031,54000000,hCoV-19/Belgium/ULG-10809/2020|EPI_ISL_661211|2020-11-17|Europe
589,493,0.00304382513699999,50.6394231403803,5.66513976751109,50.6870227687437,5.63614244393723,0.1617638251413,0.1587200000043,2020.80569934424,2020.80874316938,54000000,hCoV-19/Belgium/ULG-10528/2020|EPI_ISL_626288|2020-10-23|Europe
590,594,0.000322106566399971,50.5882481486423,5.58526221950847,50.5894061914036,5.58462737210417,0.0794600000043,0.0791378934379,2020.72611723767,2020.72643934424,54000000,NA
590,591,0.03804210657,50.5882481486423,5.58526221950847,50.5821189509582,5.5927509387539,0.1171800000079,0.0791378934379,2020.72611723767,2020.76415934424,54000000,NA
591,592,0.03025,50.5821189509582,5.5927509387539,50.5827024828971,5.59350222817746,0.1474300000079,0.1171800000079,2020.76415934424,2020.79440934424,54000000,NA
591,593,0.04257,50.5821189509582,5.5927509387539,50.6458787344658,5.57010224034788,0.1597500000079,0.1171800000079,2020.76415934424,2020.80672934424,54000000,NA
592,496,0.01433382514,50.5827024828971,5.59350222817746,50.583799976085,5.59755802681093,0.1617638251479,0.1474300000079,2020.79440934424,2020.80874316938,54000000,hCoV-19/Belgium/ULG-10570/2020|EPI_ISL_626316|2020-10-23|Europe
592,495,0.01433382514,50.5827024828971,5.59350222817746,50.6241091185715,5.6212172889539,0.1617638251479,0.1474300000079,2020.79440934424,2020.80874316938,54000000,hCoV-19/Belgium/ULG-10559/2020|EPI_ISL_626257|2020-10-23|Europe
593,497,0.01021054645,50.6458787344658,5.57010224034788,50.6203418561809,5.38894034583957,0.1699605464579,0.1597500000079,2020.80672934424,2020.81693989069,54000000,hCoV-19/Belgium/ULG-10677/2020|EPI_ISL_636650|2020-10-26|Europe
593,498,0.00201382513699999,50.6458787344658,5.57010224034788,50.6726876831563,5.56652489523105,0.1617638251449,0.1597500000079,2020.80672934424,2020.80874316938,54000000,hCoV-19/Belgium/ULG-10520/2020|EPI_ISL_626263|2020-10-23|Europe
594,500,0.09050054645,50.5894061914036,5.58462737210417,50.4598193968967,5.54107390143193,0.1699605464543,0.0794600000043,2020.72643934424,2020.81693989069,54000000,hCoV-19/Belgium/ULG-10638/2020|EPI_ISL_636616|2020-10-26|Europe
594,499,0.09050054645,50.5894061914036,5.58462737210417,50.5079568974945,5.76450531635781,0.1699605464543,0.0794600000043,2020.72643934424,2020.81693989069,54000000,hCoV-19/Belgium/ULG-10703/2020|EPI_ISL_636675|2020-10-26|Europe
596,597,0.0998,50.5884466810262,5.53962899624766,50.5968923498328,5.53375499917969,0.11226,0.01246,2020.65943934423,2020.75923934423,54000000,NA
597,503,0.04950382514,50.5968923498328,5.53375499917969,50.5974911100293,5.86227751270855,0.16176382514,0.11226,2020.75923934423,2020.80874316937,54000000,hCoV-19/Belgium/ULG-10535/2020|EPI_ISL_626314|2020-10-23|Europe
597,502,0.1150775956,50.5968923498328,5.53375499917969,50.6101863342424,5.53922760522263,0.2273375956,0.11226,2020.75923934423,2020.87431693983,54000000,hCoV-19/Belgium/ULG-10786/2020|EPI_ISL_661205|2020-11-16|Europe
598,599,0.02873783684,50.5853937497911,5.53221434078248,50.5886033100181,5.54330259225288,0.04343783684,0.0147,2020.66167934423,2020.69041718107,54000000,NA
599,607,2.90898337498846e-06,50.5886033100181,5.54330259225288,50.585298878714,5.54494319988091,0.043440745823375,0.04343783684,2020.69041718107,2020.69042009006,54000000,NA
599,600,0.02455714769,50.5886033100181,5.54330259225288,50.5112944120557,5.29811280236622,0.06799498453,0.04343783684,2020.69041718107,2020.71497432876,54000000,NA
600,505,0.00087266573780001,50.5112944120557,5.29811280236622,50.5111142185145,5.29862804504819,0.0688676502678,0.06799498453,2020.71497432876,2020.7158469945,54000000,hCoV-19/Belgium/ULG-10750/2020|EPI_ISL_641592|2020-09-19|Europe
600,601,0.004435015465,50.5112944120557,5.29811280236622,50.5096618498822,5.3004662795877,0.072429999995,0.06799498453,2020.71497432876,2020.71940934423,54000000,NA
601,506,0.00736661202200001,50.5096618498822,5.3004662795877,50.4775911144836,5.20552663719886,0.079796612017,0.072429999995,2020.71940934423,2020.72677595625,54000000,hCoV-19/Belgium/ULG-10488/2020|EPI_ISL_581651|2020-09-23|Europe
601,602,0.04261,50.5096618498822,5.3004662795877,50.4381622831468,5.68866545890068,0.115039999995,0.072429999995,2020.71940934423,2020.76201934423,54000000,NA
602,507,0.05492054645,50.4381622831468,5.68866545890068,50.4197845624115,5.9295096395267,0.169960546445,0.115039999995,2020.76201934423,2020.81693989068,54000000,hCoV-19/Belgium/ULG-10693/2020|EPI_ISL_636665|2020-10-26|Europe
602,603,0.0426,50.4381622831468,5.68866545890068,50.4381622831468,5.68866545890068,0.157639999995,0.115039999995,2020.76201934423,2020.80461934423,54000000,NA
603,605,0.000719999999999998,50.4381622831468,5.68866545890068,50.4384487102172,5.68966047593765,0.158359999995,0.157639999995,2020.80461934423,2020.80533934423,54000000,NA
603,604,0.00262000000000001,50.4381622831468,5.68866545890068,50.510228893973,5.98131028824705,0.160259999995,0.157639999995,2020.80461934423,2020.80723934423,54000000,NA
604,508,0.0206295082,50.510228893973,5.98131028824705,50.5696562111147,5.62542630029879,0.180889508195,0.160259999995,2020.80723934423,2020.82786885243,54000000,hCoV-19/Belgium/ULG-10780/2020|EPI_ISL_644626|2020-10-30|Europe
604,509,0.00150382513700001,50.510228893973,5.98131028824705,50.5102300213013,5.98154879791678,0.161763825132,0.160259999995,2020.80723934423,2020.80874316937,54000000,hCoV-19/Belgium/ULG-10534/2020|EPI_ISL_626310|2020-10-23|Europe
605,606,0.000939999999999996,50.4384487102172,5.68966047593765,50.4362761597569,5.69476870499734,0.159299999995,0.158359999995,2020.80533934423,2020.80627934423,54000000,NA
605,510,0.00340382513699999,50.4384487102172,5.68966047593765,50.4231188840546,5.64583303708041,0.161763825132,0.158359999995,2020.80533934423,2020.80874316937,54000000,hCoV-19/Belgium/ULG-10522/2020|EPI_ISL_626287|2020-10-23|Europe
606,512,0.01066054645,50.4362761597569,5.69476870499734,50.4870494125774,5.72759196662723,0.169960546445,0.159299999995,2020.80627934423,2020.81693989068,54000000,hCoV-19/Belgium/ULG-10643/2020|EPI_ISL_636621|2020-10-26|Europe
606,511,0.01066054645,50.4362761597569,5.69476870499734,50.433963725213,5.68401314769798,0.169960546445,0.159299999995,2020.80627934423,2020.81693989068,54000000,hCoV-19/Belgium/ULG-10681/2020|EPI_ISL_636653|2020-10-26|Europe
607,608,0.000409254172000023,50.585298878714,5.54494319988091,50.5854971418033,5.5445403698762,0.043849999995375,0.043440745823375,2020.69042009006,2020.69082934423,54000000,NA
607,513,0.1183230793,50.585298878714,5.54494319988091,50.6108136088061,5.67788530420126,0.161763825123375,0.043440745823375,2020.69042009006,2020.80874316936,54000000,hCoV-19/Belgium/ULG-10575/2020|EPI_ISL_626319|2020-10-23|Europe
608,514,0.1862198361,50.5854971418033,5.5445403698762,50.5261065711058,5.12255115084496,0.230069836095375,0.043849999995375,2020.69082934423,2020.87704918033,54000000,hCoV-19/Belgium/ULG-10810/2020|EPI_ISL_661212|2020-11-17|Europe
612,517,0.09588054645,50.5954208205163,5.72873071420901,50.5754523369907,5.88653142753425,0.169960546441375,0.074079999991375,2020.72105934423,2020.81693989068,54000000,hCoV-19/Belgium/ULG-10660/2020|EPI_ISL_636637|2020-10-26|Europe
612,613,0.00365000000000001,50.5954208205163,5.72873071420901,50.5962179895571,5.72962833244917,0.077729999991375,0.074079999991375,2020.72105934423,2020.72470934423,54000000,NA
613,615,0.01789,50.5962179895571,5.72962833244917,50.5983366767418,5.72674177380016,0.095619999991375,0.077729999991375,2020.72470934423,2020.74259934423,54000000,NA
613,614,0.05907,50.5962179895571,5.72962833244917,50.5962222787018,5.72914785229021,0.136799999991375,0.077729999991375,2020.72470934423,2020.78377934423,54000000,NA
614,519,0.02496382514,50.5962222787018,5.72914785229021,50.5960205333907,5.72900508494623,0.161763825131375,0.136799999991375,2020.78377934423,2020.80874316937,54000000,hCoV-19/Belgium/ULG-10536/2020|EPI_ISL_626284|2020-10-23|Europe
614,518,0.02496382514,50.5962222787018,5.72914785229021,50.6061424081477,5.70473574804094,0.161763825131375,0.136799999991375,2020.78377934423,2020.80874316937,54000000,hCoV-19/Belgium/ULG-10511/2020|EPI_ISL_626285|2020-10-23|Europe
615,616,0.05471,50.5983366767418,5.72674177380016,50.5109644804839,5.14469107786013,0.150329999991375,0.095619999991375,2020.74259934423,2020.79730934423,54000000,NA
615,618,0.01852,50.5983366767418,5.72674177380016,50.6450873700285,5.65168564339192,0.114139999991375,0.095619999991375,2020.74259934423,2020.76111934423,54000000,NA
616,617,0.00942000000000001,50.5109644804839,5.14469107786013,50.5108866387827,5.14464628940989,0.159749999991375,0.150329999991375,2020.79730934423,2020.80672934423,54000000,NA
617,521,0.01021054645,50.5108866387827,5.14464628940989,50.5116252830936,5.1430871328841,0.169960546441375,0.159749999991375,2020.80672934423,2020.81693989068,54000000,hCoV-19/Belgium/ULG-10672/2020|EPI_ISL_636647|2020-10-26|Europe
617,522,0.01021054645,50.5108866387827,5.14464628940989,50.5426262316578,5.19860699977971,0.169960546441375,0.159749999991375,2020.80672934423,2020.81693989068,54000000,hCoV-19/Belgium/ULG-10669/2020|EPI_ISL_636645|2020-10-26|Europe
618,523,0.05308830601,50.6450873700285,5.65168564339192,50.6052369470663,5.63216830412634,0.167228306001375,0.114139999991375,2020.76111934423,2020.81420765024,54000000,hCoV-19/Belgium/ULG-10675/2020|EPI_ISL_636649|2020-10-25|Europe
618,619,0.000399999999999998,50.6450873700285,5.65168564339192,50.6447777428217,5.65158250211628,0.114539999991375,0.114139999991375,2020.76111934423,2020.76151934423,54000000,NA
619,524,0.05542054645,50.6447777428217,5.65158250211628,50.648603076113,5.63779827339603,0.169960546441375,0.114539999991375,2020.76151934423,2020.81693989068,54000000,hCoV-19/Belgium/ULG-10690/2020|EPI_ISL_636662|2020-10-26|Europe
619,620,0.000229999999999994,50.6447777428217,5.65158250211628,50.6447162535394,5.6516071543081,0.114769999991375,0.114539999991375,2020.76151934423,2020.76174934423,54000000,NA
620,621,5e-04,50.6447162535394,5.6516071543081,50.6446806991533,5.65172488977902,0.115269999991375,0.114769999991375,2020.76174934423,2020.76224934423,54000000,NA
620,525,0.05519054645,50.6447162535394,5.6516071543081,50.4776739249835,5.26677310955723,0.169960546441375,0.114769999991375,2020.76174934423,2020.81693989068,54000000,hCoV-19/Belgium/ULG-10698/2020|EPI_ISL_636670|2020-10-26|Europe
621,526,0.05469054645,50.6446806991533,5.65172488977902,50.6453347321011,5.64997219439498,0.169960546441375,0.115269999991375,2020.76224934423,2020.81693989068,54000000,hCoV-19/Belgium/ULG-10684/2020|EPI_ISL_636656|2020-10-26|Europe
621,622,0.01637,50.6446806991533,5.65172488977902,50.6480712050952,5.64987278661967,0.131639999991375,0.115269999991375,2020.76224934423,2020.77861934423,54000000,NA
622,527,0.04105278689,50.6480712050952,5.64987278661967,50.6845021142542,5.54566572367727,0.172692786881375,0.131639999991375,2020.77861934423,2020.81967213112,54000000,hCoV-19/Belgium/ULG-10683/2020|EPI_ISL_636655|2020-10-27|Europe
630,536,0.01110054645,50.418656359382,5.31212296943009,50.4194638553652,5.31058044086923,0.169960546443175,0.158859999993175,2020.80583934423,2020.81693989068,54000000,hCoV-19/Belgium/ULG-10701/2020|EPI_ISL_636673|2020-10-26|Europe
630,537,0.02476174863,50.418656359382,5.31212296943009,50.4785941127269,5.32345457535516,0.183621748623175,0.158859999993175,2020.80583934423,2020.83060109286,54000000,hCoV-19/Belgium/ULG-10777/2020|EPI_ISL_644623|2020-10-31|Europe
879,880,0.000148810646800002,50.4977316805358,5.67195118170176,50.4979797266459,5.67316916441961,0.000148810646800002,0,2020.68836053358,2020.68850934423,54000000,NA
879,882,0.000148810646800002,50.4977316805358,5.67195118170176,50.4979797266459,5.67316916441961,0.000148810646800002,0,2020.68836053358,2020.68850934423,54000000,NA
880,870,0.1284305464,50.4979797266459,5.67316916441961,50.6018817455369,5.91367733226531,0.1285793570468,0.000148810646800002,2020.68850934423,2020.81693989063,54000000,hCoV-19/Belgium/ULG-10647/2020|EPI_ISL_636625|2020-10-26|Europe
882,883,0.00844,50.4979797266459,5.67316916441961,50.5008265053297,5.65946592620259,0.0085888106468,0.000148810646800002,2020.68850934423,2020.69694934423,54000000,NA
882,885,0.00248000000000001,50.4979797266459,5.67316916441961,50.5011226474604,5.65612783591327,0.00262881064680001,0.000148810646800002,2020.68850934423,2020.69098934423,54000000,NA
883,873,0.1363839891,50.5008265053297,5.65946592620259,50.7551548423821,5.93236000738331,0.1449727997468,0.0085888106468,2020.69694934423,2020.83333333333,54000000,hCoV-19/Belgium/ULG-10772/2020|EPI_ISL_644618|2020-11-01|Europe
885,886,0.02485,50.5011226474604,5.65612783591327,50.5017756582885,5.65438060880342,0.0274788106468,0.00262881064680001,2020.69098934423,2020.71583934423,54000000,NA
885,876,0.03578661202,50.5011226474604,5.65612783591327,50.5007841031875,5.66350400268026,0.0384154226668,0.00262881064680001,2020.69098934423,2020.72677595625,54000000,hCoV-19/Belgium/ULG-10478/2020|EPI_ISL_581646|2020-09-23|Europe
886,878,7.65027314700295e-06,50.5017756582885,5.65438060880342,50.6502635684854,5.61094116213453,0.027486460919947,0.0274788106468,2020.71583934423,2020.7158469945,54000000,hCoV-19/Belgium/ULG-10752/2020|EPI_ISL_641594|2020-09-19|Europe
886,877,0.01093661202,50.5017756582885,5.65438060880342,50.4877786214235,5.66414095552038,0.0384154226668,0.0274788106468,2020.71583934423,2020.72677595625,54000000,hCoV-19/Belgium/ULG-10477/2020|EPI_ISL_581585|2020-09-23|Europe
892,887,0.05790087432,50.6340840181278,5.03848233278101,50.6164340959255,5.08132555212416,0.15955598232,0.101655108,2020.80821934426,2020.86612021858,54000000,hCoV-19/Belgium/ULG-10831/2020|EPI_ISL_661249|2020-11-13|Europe
892,888,0.05790087432,50.6340840181278,5.03848233278101,50.6370598254956,5.01275036739418,0.15955598232,0.101655108,2020.80821934426,2020.86612021858,54000000,hCoV-19/Belgium/ULG-10827/2020|EPI_ISL_661247|2020-11-13|Europe
897,898,0.000515600144000011,50.5444512678611,5.53034173201195,50.5448331362298,5.5297817525006,0.000515600144000011,0,2020.72284374409,2020.72335934423,54000000,NA
898,895,0.1536898361,50.5448331362298,5.5297817525006,50.681654635795,5.61084733161859,0.154205436244,0.000515600144000011,2020.72335934423,2020.87704918033,54000000,hCoV-19/Belgium/ULG-10799/2020|EPI_ISL_661229|2020-11-17|Europe
898,896,0.003416612022,50.5448331362298,5.5297817525006,50.5409877091561,5.52774921584446,0.00393221216600001,0.000515600144000011,2020.72335934423,2020.72677595625,54000000,hCoV-19/Belgium/ULG-10495/2020|EPI_ISL_581657|2020-09-23|Europe
912,902,0.01704437158,50.5267890842849,5.83078920472555,50.5280505485925,5.82821567739181,0.17304039074,0.15599601916,2020.70699934426,2020.72404371584,54000000,hCoV-19/Belgium/ULG-10467/2020|EPI_ISL_581637|2020-09-22|Europe
912,913,0.07666,50.5267890842849,5.83078920472555,50.6616419813872,5.67623420275043,0.23265601916,0.15599601916,2020.70699934426,2020.78365934426,54000000,NA
913,914,0.02166,50.6616419813872,5.67623420275043,50.6607927479945,5.67137327781212,0.25431601916,0.23265601916,2020.78365934426,2020.80531934426,54000000,NA
913,903,0.03054830601,50.6616419813872,5.67623420275043,50.6626632781226,5.66469920572024,0.26320432517,0.23265601916,2020.78365934426,2020.81420765027,54000000,hCoV-19/Belgium/ULG-10631/2020|EPI_ISL_636610|2020-10-25|Europe
914,904,0.00342382513700001,50.6607927479945,5.67137327781212,50.6686445119719,5.67846587805533,0.257739844297,0.25431601916,2020.80531934426,2020.8087431694,54000000,hCoV-19/Belgium/ULG-10584/2020|EPI_ISL_626298|2020-10-23|Europe
914,905,0.00342382513700001,50.6607927479945,5.67137327781212,50.6203547591182,5.69385331948715,0.257739844297,0.25431601916,2020.80531934426,2020.8087431694,54000000,hCoV-19/Belgium/ULG-10574/2020|EPI_ISL_626262|2020-10-23|Europe
948,943,0.04673382514,50.593295202314,5.71361834985203,50.5949570945551,5.70210688331884,0.04673382514,0,2020.76200934426,2020.8087431694,54000000,hCoV-19/Belgium/ULG-10538/2020|EPI_ISL_626326|2020-10-23|Europe
948,949,0.0285,50.593295202314,5.71361834985203,50.5961067097045,5.71839145294409,0.0285,0,2020.76200934426,2020.79050934426,54000000,NA
949,944,0.01823382514,50.5961067097045,5.71839145294409,50.7106273550518,5.49675247905247,0.04673382514,0.0285,2020.79050934426,2020.8087431694,54000000,hCoV-19/Belgium/ULG-10585/2020|EPI_ISL_626336|2020-10-23|Europe
949,950,0.01486,50.5961067097045,5.71839145294409,50.4855406795594,5.16248117640525,0.04336,0.0285,2020.79050934426,2020.80536934426,54000000,NA
950,945,0.01157054645,50.4855406795594,5.16248117640525,50.4849096179454,5.15688535143733,0.05493054645,0.04336,2020.80536934426,2020.81693989071,54000000,hCoV-19/Belgium/ULG-10706/2020|EPI_ISL_636678|2020-10-26|Europe
950,951,0.01116,50.4855406795594,5.16248117640525,50.4896423799691,5.15937568931887,0.05452,0.04336,2020.80536934426,2020.81652934426,54000000,NA
951,946,0.06051983607,50.4896423799691,5.15937568931887,50.4885521950231,5.16146457764403,0.11503983607,0.05452,2020.81652934426,2020.87704918033,54000000,hCoV-19/Belgium/ULG-10811/2020|EPI_ISL_661236|2020-11-17|Europe
951,947,0.000410546448000003,50.4896423799691,5.15937568931887,50.4921732519318,5.16794293004555,0.054930546448,0.05452,2020.81652934426,2020.81693989071,54000000,hCoV-19/Belgium/ULG-10712/2020|EPI_ISL_636683|2020-10-26|Europe
1755,1236,0.08785508197,50.6467770348537,5.59991211855904,50.6459122899464,5.53978002622776,0.504512317073,0.416657235103,2020.57607934427,2020.66393442624,54000000,hCoV-19/Belgium/ULG-10465/2020|EPI_ISL_581636|2020-08-31|Europe
1823,1302,0.09029956284,50.6267684607677,5.60084926895252,50.6041501926329,5.61058798987659,0.5099767979385,0.4196772350985,2020.57909934427,2020.66939890711,54000000,hCoV-19/Belgium/ULG-10610/2020|EPI_ISL_626245|2020-09-02|Europe
1824,1304,0.2956275956,50.6269680412596,5.60126707750352,50.5977353560773,5.55159467938689,0.7148948306985,0.4192672350985,2020.57868934427,2020.87431693987,54000000,hCoV-19/Belgium/ULG-10785/2020|EPI_ISL_661221|2020-11-16|Europe
1853,1854,0.1343327572,50.5480681146106,5.36209643287877,50.6059247333368,5.60958881129449,0.5528499922995,0.4185172350995,2020.57793934427,2020.71227210147,54000000,NA
1854,1337,0.09647106791,50.6059247333368,5.60958881129449,50.6179001572086,5.63268663969026,0.6493210602095,0.5528499922995,2020.71227210147,2020.80874316938,54000000,hCoV-19/Belgium/ULG-10533/2020|EPI_ISL_626325|2020-10-23|Europe
1854,1336,0.000842652606099947,50.6059247333368,5.60958881129449,50.6058517939212,5.60957563018487,0.5536926449056,0.5528499922995,2020.71227210147,2020.71311475407,54000000,hCoV-19/Belgium/ULG-10763/2020|EPI_ISL_641605|2020-09-18|Europe
1865,1348,0.2818475956,50.6019832357468,5.50012415464729,50.4911110207544,5.64772370175141,0.7148948306984,0.4330472350984,2020.59246934427,2020.87431693987,54000000,hCoV-19/Belgium/ULG-10794/2020|EPI_ISL_661228|2020-11-16|Europe
1867,1869,0.19105,50.6018482034816,5.50064626701891,50.6020784755254,5.54315060844439,0.6407672350961,0.4497172350961,2020.60913934426,2020.80018934426,54000000,NA
1868,1350,0.00831397070099998,50.6514183486535,5.01012626393706,50.695640333324,5.06225803698255,0.5045123170671,0.4961983463661,2020.65562045553,2020.66393442624,54000000,hCoV-19/Belgium/ULG-10462/2020|EPI_ISL_581633|2020-08-31|Europe
1869,1351,0.01675054645,50.6020784755254,5.54315060844439,50.6870905355694,5.64009843143699,0.6575177815461,0.6407672350961,2020.80018934426,2020.81693989071,54000000,hCoV-19/Belgium/ULG-10646/2020|EPI_ISL_636624|2020-10-26|Europe
1869,1870,0.00514999999999999,50.6020784755254,5.54315060844439,50.6017305866623,5.54326401986511,0.6459172350961,0.6407672350961,2020.80018934426,2020.80533934426,54000000,NA
1870,1352,0.00340382513699999,50.6017305866623,5.54326401986511,50.602106240745,5.54378005097023,0.6493210602331,0.6459172350961,2020.80533934426,2020.8087431694,54000000,hCoV-19/Belgium/ULG-10569/2020|EPI_ISL_626280|2020-10-23|Europe
1870,1871,0.00139,50.6017305866623,5.54326401986511,50.6017317709318,5.54429856469316,0.6473072350961,0.6459172350961,2020.80533934426,2020.80672934426,54000000,NA
1871,1354,0.07031983607,50.6017317709318,5.54429856469316,50.7002226273866,5.63448128145612,0.7176270711661,0.6473072350961,2020.80672934426,2020.87704918033,54000000,hCoV-19/Belgium/ULG-10806/2020|EPI_ISL_661233|2020-11-17|Europe
1871,1353,0.01021054645,50.6017317709318,5.54429856469316,50.5925641658272,5.42865852575479,0.6575177815461,0.6473072350961,2020.80672934426,2020.81693989071,54000000,hCoV-19/Belgium/ULG-10659/2020|EPI_ISL_636636|2020-10-26|Europe
1873,1355,0.04377404372,50.6034176300119,5.49940585914756,50.501454906486,5.14166141650223,0.5154412788203,0.4716672351003,2020.63108934427,2020.67486338799,54000000,hCoV-19/Belgium/ULG-10609/2020|EPI_ISL_626246|2020-09-04|Europe
1874,1885,0.03691847243,50.6017317709318,5.54429856469316,50.6044609514249,5.50074210992332,0.5099757075303,0.4730572351003,2020.63247934427,2020.6693978167,54000000,NA
1876,1877,0.1430123696,50.6536113439759,5.09836418674009,50.6554269083696,5.09918584519433,0.6430396047003,0.5000272351003,2020.65944934427,2020.80246171387,54000000,NA
1877,1878,0.00267665485799995,50.6554269083696,5.09918584519433,50.6277621522625,5.63996839449371,0.6457162595583,0.6430396047003,2020.80246171387,2020.80513836873,54000000,NA
1877,1880,0.000657630380500041,50.6554269083696,5.09918584519433,50.6554255058907,5.09928324335762,0.6436972350808,0.6430396047003,2020.80246171387,2020.80311934425,54000000,NA
1878,1357,0.00360480065900004,50.6277621522625,5.63996839449371,50.6276537183704,5.63966673775413,0.6493210602173,0.6457162595583,2020.80513836873,2020.80874316939,54000000,hCoV-19/Belgium/ULG-10540/2020|EPI_ISL_626286|2020-10-23|Europe
1880,1360,0.06300087432,50.6554255058907,5.09928324335762,50.6552614571555,5.09865948794136,0.7066981094008,0.6436972350808,2020.80311934425,2020.86612021857,54000000,hCoV-19/Belgium/ULG-10833/2020|EPI_ISL_661250|2020-11-13|Europe
1880,1361,0.06300087432,50.6554255058907,5.09928324335762,50.6469014093135,5.0821926805075,0.7066981094008,0.6436972350808,2020.80311934425,2020.86612021857,54000000,hCoV-19/Belgium/ULG-10825/2020|EPI_ISL_661246|2020-11-13|Europe
1884,1365,0.02735686469,50.6206340823298,5.63152966651932,50.4106375853378,5.46559313146515,0.5454959236243,0.5181390589343,2020.6775611681,2020.70491803279,54000000,hCoV-19/Belgium/ULG-10728/2020|EPI_ISL_641570|2020-09-15|Europe
1884,1366,3.44603169699642e-05,50.6206340823298,5.63152966651932,50.6206200597745,5.63152793349162,0.51817351925127,0.5181390589343,2020.6775611681,2020.67759562842,54000000,hCoV-19/Belgium/ULG-10619/2020|EPI_ISL_626252|2020-09-05|Europe
1885,1886,0.01810078457,50.6044609514249,5.50074210992332,50.5531154830871,5.49444450707495,0.5280764921003,0.5099757075303,2020.6693978167,2020.68749860127,54000000,NA
1885,1959,0.000221527571899971,50.6044609514249,5.50074210992332,50.6044776756398,5.50083123359145,0.5101972351022,0.5099757075303,2020.6693978167,2020.66961934427,54000000,NA
1886,1887,0.00030594190300004,50.5531154830871,5.49444450707495,50.5531266896322,5.49420600918113,0.5283824340033,0.5280764921003,2020.68749860127,2020.68780454317,54000000,NA
1886,1907,7.11356545799458e-05,50.5531154830871,5.49444450707495,50.5531106695146,5.49454593053872,0.52814762775488,0.5280764921003,2020.68749860127,2020.68756973692,54000000,NA
1887,1888,0.000614801099000029,50.5531266896322,5.49420600918113,50.5468816338833,5.74241822269814,0.5289972351023,0.5283824340033,2020.68780454317,2020.68841934427,54000000,NA
1887,1894,0.000614801099000029,50.5531266896322,5.49420600918113,50.5468816338833,5.74241822269814,0.5289972351023,0.5283824340033,2020.68780454317,2020.68841934427,54000000,NA
1888,1367,0.1858975956,50.5468816338833,5.74241822269814,50.5477920277204,5.7386879227196,0.7148948307023,0.5289972351023,2020.68841934427,2020.87431693987,54000000,hCoV-19/Belgium/ULG-10791/2020|EPI_ISL_661226|2020-11-16|Europe
1888,1889,0.02757,50.5468816338833,5.74241822269814,50.5396533440267,5.32099888372683,0.5565672351023,0.5289972351023,2020.68841934427,2020.71598934427,54000000,NA
1889,1891,0.02650701774,50.5396533440267,5.32099888372683,50.5999330987241,5.60829012346214,0.5830742528423,0.5565672351023,2020.71598934427,2020.74249636201,54000000,NA
1891,1893,0.000342982262599989,50.5999330987241,5.60829012346214,50.5999336169239,5.6079338931394,0.5834172351049,0.5830742528423,2020.74249636201,2020.74283934427,54000000,NA
1891,1892,0.01652298226,50.5999330987241,5.60829012346214,50.5875679118067,5.93582844984142,0.5995972351023,0.5830742528423,2020.74249636201,2020.75901934427,54000000,NA
1892,1371,0.04972382514,50.5875679118067,5.93582844984142,50.5841221278995,5.71751330332967,0.6493210602423,0.5995972351023,2020.75901934427,2020.80874316941,54000000,hCoV-19/Belgium/ULG-10577/2020|EPI_ISL_626333|2020-10-23|Europe
1892,1370,0.05792054645,50.5875679118067,5.93582844984142,50.5896900221041,5.92907271068493,0.6575177815523,0.5995972351023,2020.75901934427,2020.81693989072,54000000,hCoV-19/Belgium/ULG-10711/2020|EPI_ISL_636682|2020-10-26|Europe
1893,1372,0.1314775956,50.5999336169239,5.6079338931394,50.409262663254,5.68375931982191,0.7148948307049,0.5834172351049,2020.74283934427,2020.87431693987,54000000,hCoV-19/Belgium/ULG-10789/2020|EPI_ISL_661224|2020-11-16|Europe
1893,1373,0.07136830601,50.5999336169239,5.6079338931394,50.6003746236119,5.60929855585009,0.6547855411149,0.5834172351049,2020.74283934427,2020.81420765028,54000000,hCoV-19/Belgium/ULG-10637/2020|EPI_ISL_636615|2020-10-25|Europe
1894,1895,0.04475548578,50.5468816338833,5.74241822269814,50.5526404087678,5.49433405619103,0.5737527208823,0.5289972351023,2020.68841934427,2020.73317483005,54000000,NA
1894,1900,0.07063537573,50.5468816338833,5.74241822269814,50.5364444093854,5.49560408812525,0.5996326108323,0.5289972351023,2020.68841934427,2020.75905472,54000000,NA
1895,1899,0.000574514216299948,50.5526404087678,5.49433405619103,50.5526101680244,5.49439794883726,0.5743272350986,0.5737527208823,2020.73317483005,2020.73374934427,54000000,NA
1895,1896,0.0449089678,50.5526404087678,5.49433405619103,50.5244279561631,5.1820135359893,0.6186616886823,0.5737527208823,2020.73317483005,2020.77808379785,54000000,NA
1896,1898,0.00039554641390005,50.5244279561631,5.1820135359893,50.524441930255,5.18203955921978,0.6190572350962,0.6186616886823,2020.77808379785,2020.77847934426,54000000,NA
1896,1897,0.0286455464100001,50.5244279561631,5.1820135359893,50.5270801601912,5.16051390890099,0.6473072350923,0.6186616886823,2020.77808379785,2020.80672934426,54000000,NA
1897,1374,0.02387174863,50.5270801601912,5.16051390890099,50.5542056684629,5.17356199326415,0.6711789837223,0.6473072350923,2020.80672934426,2020.83060109289,54000000,hCoV-19/Belgium/ULG-10778/2020|EPI_ISL_644624|2020-10-31|Europe
1897,1375,0.01021054645,50.5270801601912,5.16051390890099,50.5265154504613,5.16001874099776,0.6575177815423,0.6473072350923,2020.80672934426,2020.81693989071,54000000,hCoV-19/Belgium/ULG-10671/2020|EPI_ISL_636646|2020-10-26|Europe
1898,1377,0.08764087432,50.524441930255,5.18203955921978,50.5241558375129,5.17977753155056,0.7066981094162,0.6190572350962,2020.77847934426,2020.86612021858,54000000,hCoV-19/Belgium/ULG-10824/2020|EPI_ISL_661217|2020-11-13|Europe
1898,1376,0.03846054645,50.524441930255,5.18203955921978,50.5027159429289,5.3670105091747,0.6575177815462,0.6190572350962,2020.77847934426,2020.81693989071,54000000,hCoV-19/Belgium/ULG-10710/2020|EPI_ISL_636681|2020-10-26|Europe
1899,1378,0.08319054645,50.5526101680244,5.49439794883726,50.5542860094608,5.49898752381617,0.6575177815486,0.5743272350986,2020.73374934427,2020.81693989072,54000000,hCoV-19/Belgium/ULG-10648/2020|EPI_ISL_636626|2020-10-26|Europe
1899,1379,0.08319054645,50.5526101680244,5.49439794883726,50.6465521610864,5.68743130876826,0.6575177815486,0.5743272350986,2020.73374934427,2020.81693989072,54000000,hCoV-19/Belgium/ULG-10633/2020|EPI_ISL_636612|2020-10-26|Europe
1900,1902,0.000314624266700037,50.5364444093854,5.49560408812525,50.5363079540736,5.495599708533,0.599947235099,0.5996326108323,2020.75905472,2020.75936934427,54000000,NA
1900,1901,0.000314624266700037,50.5364444093854,5.49560408812525,50.5363079540736,5.495599708533,0.599947235099,0.5996326108323,2020.75905472,2020.75936934427,54000000,NA
1901,1380,0.07123174863,50.5363079540736,5.495599708533,50.5167201535775,5.1141962437101,0.671178983729,0.599947235099,2020.75936934427,2020.8306010929,54000000,hCoV-19/Belgium/ULG-10770/2020|EPI_ISL_644616|2020-10-31|Europe
1901,1381,0.04937382514,50.5363079540736,5.495599708533,50.6160824341985,5.40462659205762,0.649321060239,0.599947235099,2020.75936934427,2020.80874316941,54000000,hCoV-19/Belgium/ULG-10685/2020|EPI_ISL_636657|2020-10-23|Europe
1902,1903,0.04573757993,50.5363079540736,5.495599708533,50.5366354459674,5.49562572217416,0.645684815029,0.599947235099,2020.75936934427,2020.8051069242,54000000,NA
1902,1382,0.05757054645,50.5363079540736,5.495599708533,50.4552231059993,5.63581014754982,0.657517781549,0.599947235099,2020.75936934427,2020.81693989072,54000000,hCoV-19/Belgium/ULG-10653/2020|EPI_ISL_636630|2020-10-26|Europe
1903,1383,0.02549416871,50.5366354459674,5.49562572217416,50.6219331790465,5.44853645428845,0.671178983739,0.645684815029,2020.8051069242,2020.83060109291,54000000,hCoV-19/Belgium/ULG-10773/2020|EPI_ISL_644619|2020-10-31|Europe
1903,1904,0.000467085562099956,50.5366354459674,5.49562572217416,50.5366718571207,5.49557854239996,0.6461519005911,0.645684815029,2020.8051069242,2020.80557400976,54000000,NA
1904,1384,0.06874293014,50.5366718571207,5.49557854239996,50.3818383668673,5.67471744043151,0.7148948307311,0.6461519005911,2020.80557400976,2020.8743169399,54000000,hCoV-19/Belgium/ULG-10787/2020|EPI_ISL_661222|2020-11-16|Europe
1904,1905,0.000456475691700042,50.5366718571207,5.49557854239996,50.5366222432062,5.49555815140563,0.6466083762828,0.6461519005911,2020.80557400976,2020.80603048545,54000000,NA
1905,1385,0.0109094052699999,50.5366222432062,5.49555815140563,50.5351341842135,5.49288229031616,0.6575177815528,0.6466083762828,2020.80603048545,2020.81693989072,54000000,hCoV-19/Belgium/ULG-10689/2020|EPI_ISL_636661|2020-10-26|Europe
1905,1906,0.000168858817899964,50.5366222432062,5.49555815140563,50.5365419534557,5.49524158621135,0.6467772351007,0.6466083762828,2020.80603048545,2020.80619934427,54000000,NA
1906,1386,0.01074054645,50.5365419534557,5.49524158621135,50.5158253516329,5.14454428378979,0.6575177815507,0.6467772351007,2020.80619934427,2020.81693989072,54000000,hCoV-19/Belgium/ULG-10700/2020|EPI_ISL_636672|2020-10-26|Europe
1906,1387,0.0708498360700001,50.5365419534557,5.49524158621135,50.6901715802088,5.50675501799134,0.7176270711707,0.6467772351007,2020.80619934427,2020.87704918034,54000000,hCoV-19/Belgium/ULG-10817/2020|EPI_ISL_661241|2020-11-17|Europe
1907,1956,0.000140808800500047,50.5531106695146,5.49454593053872,50.5409131735423,5.34033894301294,0.52828843655538,0.52814762775488,2020.68756973692,2020.68771054572,54000000,NA
1907,1908,0.000849607347400028,50.5531106695146,5.49454593053872,50.5529012186586,5.49484495482193,0.52899723510228,0.52814762775488,2020.68756973692,2020.68841934427,54000000,NA
1908,1909,0.01860549549,50.5529012186586,5.49484495482193,50.5525741237681,5.49437963437037,0.54760273059228,0.52899723510228,2020.68841934427,2020.70702483976,54000000,NA
1908,1916,0.00227999999999995,50.5529012186586,5.49484495482193,50.6002591038026,5.62219377399184,0.53127723510228,0.52899723510228,2020.68841934427,2020.69069934427,54000000,NA
1909,1910,0.00830352919400001,50.5525741237681,5.49437963437037,50.5525338179904,5.49451622407744,0.55590625978628,0.54760273059228,2020.70702483976,2020.71532836895,54000000,NA
1909,1914,1.45045101499486e-05,50.5525741237681,5.49437963437037,50.55271703666,5.4942050988762,0.54761723510243,0.54760273059228,2020.70702483976,2020.70703934427,54000000,NA
1910,1388,0.000518625588900035,50.5525338179904,5.49451622407744,50.6779478355774,5.61837122080126,0.55642488537518,0.55590625978628,2020.71532836895,2020.71584699454,54000000,hCoV-19/Belgium/ULG-10745/2020|EPI_ISL_641587|2020-09-19|Europe
1910,1911,0.00647097531600005,50.5525338179904,5.49451622407744,50.5536036101974,5.49257091885986,0.56237723510228,0.55590625978628,2020.71532836895,2020.72179934427,54000000,NA
1911,1912,0.00175000000000003,50.5536036101974,5.49257091885986,50.5041096056841,5.19511597347968,0.56412723510228,0.56237723510228,2020.72179934427,2020.72354934427,54000000,NA
1911,1913,0.03722,50.5536036101974,5.49257091885986,50.5547578397687,5.48972144899688,0.59959723510228,0.56237723510228,2020.72179934427,2020.75901934427,54000000,NA
1912,1390,0.00322661202200003,50.5041096056841,5.19511597347968,50.543162104081,5.31296388042737,0.56735384712428,0.56412723510228,2020.72354934427,2020.72677595629,54000000,hCoV-19/Belgium/ULG-10483/2020|EPI_ISL_581648|2020-09-23|Europe
1912,1389,0.000494371584800035,50.5041096056841,5.19511597347968,50.5041019391143,5.19523730876181,0.56462160668708,0.56412723510228,2020.72354934427,2020.72404371586,54000000,hCoV-19/Belgium/ULG-10472/2020|EPI_ISL_581578|2020-09-22|Europe
1913,1392,0.04972382514,50.5547578397687,5.48972144899688,50.5583995661127,5.44685038524003,0.64932106024228,0.59959723510228,2020.75901934427,2020.80874316941,54000000,hCoV-19/Belgium/ULG-10593/2020|EPI_ISL_626270|2020-10-23|Europe
1913,1391,0.04972382514,50.5547578397687,5.48972144899688,50.6379216369174,5.6615195987151,0.64932106024228,0.59959723510228,2020.75901934427,2020.80874316941,54000000,hCoV-19/Belgium/ULG-10598/2020|EPI_ISL_626296|2020-10-23|Europe
1914,1915,0.01966202256,50.55271703666,5.4942050988762,50.5583096617738,5.33125536112222,0.56727925766243,0.54761723510243,2020.70703934427,2020.72670136683,54000000,NA
1914,1393,0.1099005464,50.55271703666,5.4942050988762,50.6070707081562,5.53608255962017,0.65751778150243,0.54761723510243,2020.70703934427,2020.81693989067,54000000,hCoV-19/Belgium/ULG-10691/2020|EPI_ISL_636663|2020-10-26|Europe
1915,1394,7.45894573800365e-05,50.5583096617738,5.33125536112222,50.5583396472966,5.33133427012197,0.56735384711981,0.56727925766243,2020.72670136683,2020.72677595629,54000000,hCoV-19/Belgium/ULG-10491/2020|EPI_ISL_581582|2020-09-23|Europe
1915,1395,7.45894573800365e-05,50.5583096617738,5.33125536112222,50.5701381230236,5.32162535354766,0.56735384711981,0.56727925766243,2020.72670136683,2020.72677595629,54000000,hCoV-19/Belgium/ULG-10489/2020|EPI_ISL_581652|2020-09-23|Europe
1916,1917,0.00327,50.6002591038026,5.62219377399184,50.6000089615695,5.62177311841667,0.53454723510228,0.53127723510228,2020.69069934427,2020.69396934427,54000000,NA
1916,1396,0.1262405464,50.6002591038026,5.62219377399184,50.6717707257741,5.92358487373281,0.65751778150228,0.53127723510228,2020.69069934427,2020.81693989067,54000000,hCoV-19/Belgium/ULG-10663/2020|EPI_ISL_636640|2020-10-26|Europe
1917,1918,0.00258999999999998,50.6000089615695,5.62177311841667,50.6000225135832,5.62149295954831,0.53713723510228,0.53454723510228,2020.69396934427,2020.69655934427,54000000,NA
1917,1397,0.1830798361,50.6000089615695,5.62177311841667,50.4367675847851,5.53419925933395,0.71762707120228,0.53454723510228,2020.69396934427,2020.87704918037,54000000,hCoV-19/Belgium/ULG-10814/2020|EPI_ISL_661239|2020-11-17|Europe
1918,1926,0.00255000000000005,50.6000225135832,5.62149295954831,50.5998174205869,5.62129200861572,0.53968723510228,0.53713723510228,2020.69655934427,2020.69910934427,54000000,NA
1918,1919,0.08722,50.6000225135832,5.62149295954831,50.5985217901228,5.62448096524667,0.62435723510228,0.53713723510228,2020.69655934427,2020.78377934427,54000000,NA
1919,1920,0.0208,50.5985217901228,5.62448096524667,50.667090547077,5.60538490296902,0.64515723510228,0.62435723510228,2020.78377934427,2020.80457934427,54000000,NA
1920,1923,0.000680000000000014,50.667090547077,5.60538490296902,50.6670840071921,5.60523653453518,0.64583723510228,0.64515723510228,2020.80457934427,2020.80525934427,54000000,NA
1920,1921,0.000689999999999968,50.667090547077,5.60538490296902,50.5464352910096,5.39588146012449,0.64584723510228,0.64515723510228,2020.80457934427,2020.80526934427,54000000,NA
1921,1922,7.00000000000145e-05,50.5464352910096,5.39588146012449,50.5464661588487,5.39593599207385,0.64591723510228,0.64584723510228,2020.80526934427,2020.80533934427,54000000,NA
1922,1400,0.00340382513699999,50.5464661588487,5.39593599207385,50.5465584838845,5.39615464419853,0.64932106023928,0.64591723510228,2020.80533934427,2020.80874316941,54000000,hCoV-19/Belgium/ULG-10517/2020|EPI_ISL_626276|2020-10-23|Europe
1923,1402,0.00348382513699996,50.6670840071921,5.60523653453518,50.6930786715917,5.63192670539362,0.64932106023928,0.64583723510228,2020.80525934427,2020.80874316941,54000000,hCoV-19/Belgium/ULG-10516/2020|EPI_ISL_626260|2020-10-23|Europe
1923,1924,7.00000000000145e-05,50.6670840071921,5.60523653453518,50.5464661588487,5.39593599207385,0.64590723510228,0.64583723510228,2020.80525934427,2020.80532934427,54000000,NA
1924,1925,9.99999999995449e-06,50.5464661588487,5.39593599207385,50.6669152006949,5.60480316149144,0.64591723510228,0.64590723510228,2020.80532934427,2020.80533934427,54000000,NA
1924,1403,0.00341382513699995,50.5464661588487,5.39593599207385,50.6671600571783,5.60505823427001,0.64932106023928,0.64590723510228,2020.80532934427,2020.80874316941,54000000,hCoV-19/Belgium/ULG-10508/2020|EPI_ISL_626259|2020-10-23|Europe
1925,1404,0.00340382513699999,50.6669152006949,5.60480316149144,50.5049725420701,5.63974107609657,0.64932106023928,0.64591723510228,2020.80533934427,2020.80874316941,54000000,hCoV-19/Belgium/ULG-10568/2020|EPI_ISL_626275|2020-10-23|Europe
1925,1405,0.00340382513699999,50.6669152006949,5.60480316149144,50.5005900620283,5.72775941584397,0.64932106023928,0.64591723510228,2020.80533934427,2020.80874316941,54000000,hCoV-19/Belgium/ULG-10554/2020|EPI_ISL_626272|2020-10-23|Europe
1926,1928,0.00243000000000004,50.5998174205869,5.62129200861572,50.5993226275827,5.61873952786765,0.54211723510228,0.53968723510228,2020.69910934427,2020.70153934427,54000000,NA
1926,1927,0.10644,50.5998174205869,5.62129200861572,50.6035041918636,5.50063223509189,0.64612723510228,0.53968723510228,2020.69910934427,2020.80554934427,54000000,NA
1927,1406,0.07149983607,50.6035041918636,5.50063223509189,50.6007961105305,5.49789786893236,0.71762707117228,0.64612723510228,2020.80554934427,2020.87704918034,54000000,hCoV-19/Belgium/ULG-10813/2020|EPI_ISL_661238|2020-11-17|Europe
1927,1407,0.06876759563,50.6035041918636,5.50063223509189,50.7155182578649,5.39322891841746,0.71489483073228,0.64612723510228,2020.80554934427,2020.8743169399,54000000,hCoV-19/Belgium/ULG-10783/2020|EPI_ISL_661219|2020-11-16|Europe
1928,1408,0.1072038251,50.5993226275827,5.61873952786765,50.6918498449998,5.69897343026611,0.64932106020228,0.54211723510228,2020.70153934427,2020.80874316937,54000000,hCoV-19/Belgium/ULG-10558/2020|EPI_ISL_626283|2020-10-23|Europe
1928,1929,0.00229000000000001,50.5993226275827,5.61873952786765,50.6350770267655,5.60565516565975,0.54440723510228,0.54211723510228,2020.70153934427,2020.70382934427,54000000,NA
1929,1930,0.002645003127,50.6350770267655,5.60565516565975,50.597312481437,5.62648359218387,0.54705223822928,0.54440723510228,2020.70382934427,2020.7064743474,54000000,NA
1929,1935,0.00239,50.6350770267655,5.60565516565975,50.5995707416374,5.61764145921411,0.54679723510228,0.54440723510228,2020.70382934427,2020.70621934427,54000000,NA
1930,1932,0.00062311725340003,50.597312481437,5.62648359218387,50.5973441359611,5.62638979611627,0.54767535548268,0.54705223822928,2020.7064743474,2020.70709746465,54000000,NA
1930,1931,0.00027499687260002,50.597312481437,5.62648359218387,50.5973211765287,5.62646889292304,0.54732723510188,0.54705223822928,2020.7064743474,2020.70674934427,54000000,NA
1931,1409,0.1101905464,50.5973211765287,5.62646889292304,50.5821495137834,5.51419735920691,0.65751778150188,0.54732723510188,2020.70674934427,2020.81693989067,54000000,hCoV-19/Belgium/ULG-10707/2020|EPI_ISL_636679|2020-10-26|Europe
1931,1410,0.1019938251,50.5973211765287,5.62646889292304,50.6640802149655,5.58997457161775,0.64932106020188,0.54732723510188,2020.70674934427,2020.80874316937,54000000,hCoV-19/Belgium/ULG-10514/2020|EPI_ISL_626282|2020-10-23|Europe
1932,1933,0.07134187962,50.5973441359611,5.62638979611627,50.5944269046636,5.62614666980035,0.61901723510268,0.54767535548268,2020.70709746465,2020.77843934427,54000000,NA
1932,1934,5.187961916997e-05,50.5973441359611,5.62638979611627,50.5973015740422,5.62633070881524,0.54772723510185,0.54767535548268,2020.70709746465,2020.70714934427,54000000,NA
1933,1411,0.03030382514,50.5944269046636,5.62614666980035,50.6424535486661,5.69704675833811,0.64932106024268,0.61901723510268,2020.77843934427,2020.80874316941,54000000,hCoV-19/Belgium/ULG-10564/2020|EPI_ISL_626309|2020-10-23|Europe
1933,1412,0.03030382514,50.5944269046636,5.62614666980035,50.5887349822719,5.6313252090197,0.64932106024268,0.61901723510268,2020.77843934427,2020.80874316941,54000000,hCoV-19/Belgium/ULG-10566/2020|EPI_ISL_626308|2020-10-23|Europe
1934,1413,0.1097905464,50.5973015740422,5.62633070881524,50.5155036826168,5.2367709661605,0.65751778150185,0.54772723510185,2020.70714934427,2020.81693989067,54000000,hCoV-19/Belgium/ULG-10658/2020|EPI_ISL_636635|2020-10-26|Europe
1934,1414,0.1015938251,50.5973015740422,5.62633070881524,50.5699769674813,5.63995527026282,0.64932106020185,0.54772723510185,2020.70714934427,2020.80874316937,54000000,hCoV-19/Belgium/ULG-10537/2020|EPI_ISL_626291|2020-10-23|Europe
1935,1936,0.05198212623,50.5995707416374,5.61764145921411,50.6116463584673,5.65219329849343,0.59877936133228,0.54679723510228,2020.70621934427,2020.7582014705,54000000,NA
1935,1939,0.00233000000000005,50.5995707416374,5.61764145921411,50.5981603136918,5.60951417343096,0.54912723510228,0.54679723510228,2020.70621934427,2020.70854934427,54000000,NA
1936,1937,0.000747873771099972,50.6116463584673,5.65219329849343,50.6116318008411,5.65225529743924,0.59952723510338,0.59877936133228,2020.7582014705,2020.75894934427,54000000,NA
1936,1938,0.000807873771100032,50.6116463584673,5.65219329849343,50.6116586835467,5.65219392146499,0.59958723510338,0.59877936133228,2020.7582014705,2020.75900934427,54000000,NA
1937,1416,0.05799054645,50.6116318008411,5.65225529743924,50.4481427290508,5.28182480340424,0.65751778155338,0.59952723510338,2020.75894934427,2020.81693989072,54000000,hCoV-19/Belgium/ULG-10665/2020|EPI_ISL_636641|2020-10-26|Europe
1937,1415,0.06072278689,50.6116318008411,5.65225529743924,50.6138220809216,5.65820538208171,0.66025002199338,0.59952723510338,2020.75894934427,2020.81967213116,54000000,hCoV-19/Belgium/ULG-10640/2020|EPI_ISL_636618|2020-10-27|Europe
1938,1417,0.05793054645,50.6116586835467,5.65219392146499,50.6182107915886,5.6940548624681,0.65751778155338,0.59958723510338,2020.75900934427,2020.81693989072,54000000,hCoV-19/Belgium/ULG-10626/2020|EPI_ISL_636605|2020-10-26|Europe
1938,1418,0.05793054645,50.6116586835467,5.65219392146499,50.6342398030323,5.5788103955814,0.65751778155338,0.59958723510338,2020.75900934427,2020.81693989072,54000000,hCoV-19/Belgium/ULG-10688/2020|EPI_ISL_636660|2020-10-26|Europe
1939,1942,0.00139170445100001,50.5981603136918,5.60951417343096,50.6320088679973,5.55705284989313,0.55051893955328,0.54912723510228,2020.70854934427,2020.70994104872,54000000,NA
1939,1940,7.00000000000145e-05,50.5981603136918,5.60951417343096,50.5464661588487,5.39593599207385,0.54919723510228,0.54912723510228,2020.70854934427,2020.70861934427,54000000,NA
1940,1941,0.0970300000000001,50.5464661588487,5.39593599207385,50.4664059837993,5.43369553805568,0.64622723510228,0.54919723510228,2020.70861934427,2020.80564934427,54000000,NA
1940,1419,0.1083205464,50.5464661588487,5.39593599207385,50.5894641842229,5.43445593707657,0.65751778150228,0.54919723510228,2020.70861934427,2020.81693989067,54000000,hCoV-19/Belgium/ULG-10696/2020|EPI_ISL_636668|2020-10-26|Europe
1941,1421,0.00309382513699996,50.4664059837993,5.43369553805568,50.4662392028228,5.43032502473623,0.64932106023928,0.64622723510228,2020.80564934427,2020.80874316941,54000000,hCoV-19/Belgium/ULG-10529/2020|EPI_ISL_626300|2020-10-23|Europe
1941,1420,0.02495174863,50.4664059837993,5.43369553805568,50.6217108611399,5.65334075323635,0.67117898373228,0.64622723510228,2020.80564934427,2020.8306010929,54000000,hCoV-19/Belgium/ULG-10767/2020|EPI_ISL_644613|2020-10-31|Europe
1942,1943,0.000938295549499979,50.6320088679973,5.55705284989313,50.6322401347053,5.55640828998941,0.55145723510278,0.55051893955328,2020.70994104872,2020.71087934427,54000000,NA
1942,1422,0.1206600442,50.6320088679973,5.55705284989313,50.5355712655627,5.31407518191432,0.67117898375328,0.55051893955328,2020.70994104872,2020.83060109292,54000000,hCoV-19/Belgium/ULG-10779/2020|EPI_ISL_644625|2020-10-31|Europe
1943,1944,0.00312999999999997,50.6322401347053,5.55640828998941,50.6322511197551,5.55643209433592,0.55458723510278,0.55145723510278,2020.71087934427,2020.71400934427,54000000,NA
1943,1423,0.00223540983600001,50.6322401347053,5.55640828998941,50.5263654892215,5.41460682039749,0.55369264493878,0.55145723510278,2020.71087934427,2020.71311475411,54000000,hCoV-19/Belgium/ULG-10731/2020|EPI_ISL_641573|2020-09-18|Europe
1944,1945,0.00396722941500005,50.6322511197551,5.55643209433592,50.6322825992533,5.55729272445867,0.55855446451778,0.55458723510278,2020.71400934427,2020.71797657369,54000000,NA
1944,1948,0.00780000000000003,50.6322511197551,5.55643209433592,50.6396259534289,5.6314070393491,0.56238723510278,0.55458723510278,2020.71400934427,2020.72180934427,54000000,NA
1945,1424,0.000602661294999973,50.6322825992533,5.55729272445867,50.5957514844159,5.3432905160418,0.55915712581278,0.55855446451778,2020.71797657369,2020.71857923498,54000000,hCoV-19/Belgium/ULG-10760/2020|EPI_ISL_641602|2020-09-20|Europe
1945,1946,0.00322277058499998,50.6322825992533,5.55729272445867,50.635417831253,5.56829712804713,0.56177723510278,0.55855446451778,2020.71797657369,2020.72119934427,54000000,NA
1946,1425,0.00284437158499995,50.635417831253,5.56829712804713,50.6353263332999,5.56880652750774,0.56462160668778,0.56177723510278,2020.72119934427,2020.72404371586,54000000,hCoV-19/Belgium/ULG-10474/2020|EPI_ISL_581643|2020-09-22|Europe
1946,1947,0.0850299999999999,50.635417831253,5.56829712804713,50.4953275141929,5.7379985731846,0.64680723510278,0.56177723510278,2020.72119934427,2020.80622934427,54000000,NA
1947,1427,0.06808759563,50.4953275141929,5.7379985731846,50.4201201724153,5.69622296741288,0.71489483073278,0.64680723510278,2020.80622934427,2020.8743169399,54000000,hCoV-19/Belgium/ULG-10781/2020|EPI_ISL_661218|2020-11-16|Europe
1947,1426,0.06808759563,50.4953275141929,5.7379985731846,50.4957192478527,5.73574733651057,0.71489483073278,0.64680723510278,2020.80622934427,2020.8743169399,54000000,hCoV-19/Belgium/ULG-10790/2020|EPI_ISL_661225|2020-11-16|Europe
1948,1949,0.00175000000000003,50.6396259534289,5.6314070393491,50.5041096056841,5.19511597347968,0.56413723510278,0.56238723510278,2020.72180934427,2020.72355934427,54000000,NA
1948,1950,0.00341000000000002,50.6396259534289,5.6314070393491,50.6396532592792,5.63093839903424,0.56579723510278,0.56238723510278,2020.72180934427,2020.72521934427,54000000,NA
1949,1429,0.00321661202199996,50.5041096056841,5.19511597347968,50.4777838226296,5.57038683902435,0.56735384712478,0.56413723510278,2020.72355934427,2020.72677595629,54000000,hCoV-19/Belgium/ULG-10476/2020|EPI_ISL_581645|2020-09-23|Europe
1949,1428,0.00048437158479997,50.5041096056841,5.19511597347968,50.639758072339,5.63110684815471,0.56462160668758,0.56413723510278,2020.72355934427,2020.72404371586,54000000,hCoV-19/Belgium/ULG-10475/2020|EPI_ISL_581644|2020-09-22|Europe
1950,1430,0.00155661202199997,50.6396532592792,5.63093839903424,50.5457841133508,5.46900097373451,0.56735384712478,0.56579723510278,2020.72521934427,2020.72677595629,54000000,hCoV-19/Belgium/ULG-10497/2020|EPI_ISL_581659|2020-09-23|Europe
1950,1951,0.00624999999999998,50.6396532592792,5.63093839903424,50.6396925684768,5.63118697848382,0.57204723510278,0.56579723510278,2020.72521934427,2020.73146934427,54000000,NA
1951,1431,0.000771092896100001,50.6396925684768,5.63118697848382,50.7123208477937,5.61474349011932,0.57281832799888,0.57204723510278,2020.73146934427,2020.73224043717,54000000,hCoV-19/Belgium/ULG-10504/2020|EPI_ISL_581666|2020-09-25|Europe
1951,1952,0.06879,50.6396925684768,5.63118697848382,50.6292993203638,5.5627243689016,0.64083723510278,0.57204723510278,2020.73146934427,2020.80025934427,54000000,NA
1952,1432,0.03580622951,50.6292993203638,5.5627243689016,50.6302314465043,5.56287684677226,0.67664346461278,0.64083723510278,2020.80025934427,2020.83606557378,54000000,hCoV-19/Belgium/ULG-10769/2020|EPI_ISL_644615|2020-11-02|Europe
1952,1953,0.00209999999999999,50.6292993203638,5.5627243689016,50.6223090847975,5.58140167050796,0.64293723510278,0.64083723510278,2020.80025934427,2020.80235934427,54000000,NA
1953,1433,0.00638382513699998,50.6223090847975,5.58140167050796,50.6075620763153,5.83235305461489,0.64932106023978,0.64293723510278,2020.80235934427,2020.80874316941,54000000,hCoV-19/Belgium/ULG-10539/2020|EPI_ISL_626265|2020-10-23|Europe
1953,1954,0.00212999999999997,50.6223090847975,5.58140167050796,50.6221629589594,5.58100224778634,0.64506723510278,0.64293723510278,2020.80235934427,2020.80448934427,54000000,NA
1954,1434,0.00425382513700001,50.6221629589594,5.58100224778634,50.6209906857867,5.5826896534023,0.64932106023978,0.64506723510278,2020.80448934427,2020.80874316941,54000000,hCoV-19/Belgium/ULG-10530/2020|EPI_ISL_626322|2020-10-23|Europe
1956,1957,0.00070879854689998,50.5409131735423,5.34033894301294,50.5409523278314,5.3405019791058,0.52899723510228,0.52828843655538,2020.68771054572,2020.68841934427,54000000,NA
1956,1958,0.00070879854689998,50.5409131735423,5.34033894301294,50.5409523278314,5.3405019791058,0.52899723510228,0.52828843655538,2020.68771054572,2020.68841934427,54000000,NA
1957,1438,0.1886298361,50.5409523278314,5.3405019791058,50.5085222137327,5.2215643589394,0.71762707120228,0.52899723510228,2020.68841934427,2020.87704918037,54000000,hCoV-19/Belgium/ULG-10812/2020|EPI_ISL_661237|2020-11-17|Europe
1957,1437,0.1203238251,50.5409523278314,5.3405019791058,50.612738844774,5.64509658361433,0.64932106020228,0.52899723510228,2020.68841934427,2020.80874316937,54000000,hCoV-19/Belgium/ULG-10589/2020|EPI_ISL_626295|2020-10-23|Europe
1958,1439,0.03015989071,50.5409523278314,5.3405019791058,50.5401873297938,5.33862042900267,0.55915712581228,0.52899723510228,2020.68841934427,2020.71857923498,54000000,hCoV-19/Belgium/ULG-10759/2020|EPI_ISL_641601|2020-09-20|Europe
1958,1440,0.1886298361,50.5409523278314,5.3405019791058,50.604016176696,5.62726191316655,0.71762707120228,0.52899723510228,2020.68841934427,2020.87704918037,54000000,hCoV-19/Belgium/ULG-10816/2020|EPI_ISL_661240|2020-11-17|Europe
1959,1960,0.02403,50.6044776756398,5.50083123359145,50.6051778122387,5.49850403835662,0.5342272351022,0.5101972351022,2020.66961934427,2020.69364934427,54000000,NA
1959,1965,0.02346584838,50.6044776756398,5.50083123359145,50.5932545557889,5.59283025077321,0.5336630834822,0.5101972351022,2020.66961934427,2020.69308519265,54000000,NA
1960,1961,0.0361900000000001,50.6051778122387,5.49850403835662,50.6050796676317,5.49467180946724,0.5704172351022,0.5342272351022,2020.69364934427,2020.72983934427,54000000,NA
1960,1441,0.1150938251,50.6051778122387,5.49850403835662,50.6276706634644,5.62526884813351,0.6493210602022,0.5342272351022,2020.69364934427,2020.80874316937,54000000,hCoV-19/Belgium/ULG-10587/2020|EPI_ISL_626302|2020-10-23|Europe
1961,1442,0.08710054645,50.6050796676317,5.49467180946724,50.5691396954383,5.7456131478458,0.6575177815522,0.5704172351022,2020.72983934427,2020.81693989072,54000000,hCoV-19/Belgium/ULG-10635/2020|EPI_ISL_636613|2020-10-26|Europe
1961,1962,0.0539499999999999,50.6050796676317,5.49467180946724,50.6045642615461,5.49426800952945,0.6243672351022,0.5704172351022,2020.72983934427,2020.78378934427,54000000,NA
1962,1963,0.02289,50.6045642615461,5.49426800952945,50.607943077726,5.50867300944745,0.6472572351022,0.6243672351022,2020.78378934427,2020.80667934427,54000000,NA
1962,1443,0.02495382514,50.6045642615461,5.49426800952945,50.6848161482307,5.28707587183834,0.6493210602422,0.6243672351022,2020.78378934427,2020.80874316941,54000000,hCoV-19/Belgium/ULG-10527/2020|EPI_ISL_626321|2020-10-23|Europe
1963,1444,0.06763759563,50.607943077726,5.50867300944745,50.6077457173398,5.51081712675703,0.7148948307322,0.6472572351022,2020.80667934427,2020.8743169399,54000000,hCoV-19/Belgium/ULG-10784/2020|EPI_ISL_661220|2020-11-16|Europe
1963,1964,0.00051000000000001,50.607943077726,5.50867300944745,50.6078862423433,5.50873042151679,0.6477672351022,0.6472572351022,2020.80667934427,2020.80718934427,54000000,NA
1964,1445,0.06985983607,50.6078862423433,5.50873042151679,50.6160290929667,5.48842459230435,0.7176270711722,0.6477672351022,2020.80718934427,2020.87704918034,54000000,hCoV-19/Belgium/ULG-10807/2020|EPI_ISL_661234|2020-11-17|Europe
1964,1446,0.0725920765,50.6078862423433,5.50873042151679,50.6997805066506,5.75266319824651,0.7203593116022,0.6477672351022,2020.80718934427,2020.87978142077,54000000,hCoV-19/Belgium/ULG-10819/2020|EPI_ISL_661242|2020-11-18|Europe
1965,1966,0.000904151622600047,50.5932545557889,5.59283025077321,50.5934371032711,5.59277336027214,0.5345672351048,0.5336630834822,2020.69308519265,2020.69398934427,54000000,NA
1965,1967,0.000904151622600047,50.5932545557889,5.59283025077321,50.5934371032711,5.59277336027214,0.5345672351048,0.5336630834822,2020.69308519265,2020.69398934427,54000000,NA
1967,1968,0.0188293267,50.5934371032711,5.59277336027214,50.6132752305168,5.63759200064223,0.5533965618048,0.5345672351048,2020.69398934427,2020.71281867097,54000000,NA
1967,1970,0.00573000000000001,50.5934371032711,5.59277336027214,50.5935640764162,5.59239368781185,0.5402972351048,0.5345672351048,2020.69398934427,2020.69971934427,54000000,NA
1968,1969,0.000310673300999986,50.6132752305168,5.63759200064223,50.6132893157067,5.63755420970833,0.5537072351058,0.5533965618048,2020.71281867097,2020.71312934427,54000000,NA
1968,1449,0.000296083137000025,50.6132752305168,5.63759200064223,50.6543348581488,5.63897451611862,0.5536926449418,0.5533965618048,2020.71281867097,2020.71311475411,54000000,hCoV-19/Belgium/ULG-10739/2020|EPI_ISL_641581|2020-09-18|Europe
1969,1451,0.1639198361,50.6132893157067,5.63755420970833,50.6124678729653,5.64185399780554,0.7176270712058,0.5537072351058,2020.71312934427,2020.87704918037,54000000,hCoV-19/Belgium/ULG-10801/2020|EPI_ISL_661231|2020-11-17|Europe
1969,1450,0.1038105464,50.6132893157067,5.63755420970833,50.5084004064937,5.45622742207624,0.6575177815058,0.5537072351058,2020.71312934427,2020.81693989067,54000000,hCoV-19/Belgium/ULG-10699/2020|EPI_ISL_636671|2020-10-26|Europe
1970,1452,0.00246644808800001,50.5935640764162,5.59239368781185,50.4868743412912,5.35708137062963,0.5427636831928,0.5402972351048,2020.69971934427,2020.70218579236,54000000,hCoV-19/Belgium/ULG-10720/2020|EPI_ISL_641562|2020-09-14|Europe
1970,1971,0.00217000000000001,50.5935640764162,5.59239368781185,50.5936417258505,5.59257447173809,0.5424672351048,0.5402972351048,2020.69971934427,2020.70188934427,54000000,NA
1971,1972,0.00238000000000005,50.5936417258505,5.59257447173809,50.6011011904828,5.59905078935349,0.5448472351048,0.5424672351048,2020.70188934427,2020.70426934427,54000000,NA
1971,1453,0.000296448087499956,50.5936417258505,5.59257447173809,50.5933486023387,5.5931656855027,0.5427636831923,0.5424672351048,2020.70188934427,2020.70218579236,54000000,hCoV-19/Belgium/ULG-10719/2020|EPI_ISL_641561|2020-09-14|Europe
1972,1974,0.00241999999999998,50.6011011904828,5.59905078935349,50.6010463863104,5.59884869017683,0.5472672351048,0.5448472351048,2020.70426934427,2020.70668934427,54000000,NA
1972,1973,0.10109,50.6011011904828,5.59905078935349,50.5346752330172,5.57803276971128,0.6459372351048,0.5448472351048,2020.70426934427,2020.80535934427,54000000,NA
1973,1455,0.00338382513699997,50.5346752330172,5.57803276971128,50.4703163651309,5.38294749997252,0.6493210602418,0.6459372351048,2020.80535934427,2020.80874316941,54000000,hCoV-19/Belgium/ULG-10549/2020|EPI_ISL_626278|2020-10-23|Europe
1973,1454,0.00338382513699997,50.5346752330172,5.57803276971128,50.5346490487757,5.57802225610454,0.6493210602418,0.6459372351048,2020.80535934427,2020.80874316941,54000000,hCoV-19/Belgium/ULG-10510/2020|EPI_ISL_626271|2020-10-23|Europe
1974,1975,0.03367505671,50.6010463863104,5.59884869017683,50.6021440776626,5.58566337709662,0.5809422918148,0.5472672351048,2020.70668934427,2020.74036440098,54000000,NA
1974,1981,0.001479543079,50.6010463863104,5.59884869017683,50.6011960621042,5.5992010217178,0.5487467781838,0.5472672351048,2020.70668934427,2020.70816888735,54000000,NA
1975,1977,1.49432873699507e-05,50.6021440776626,5.58566337709662,50.6021686090962,5.58565743352321,0.58095723510217,0.5809422918148,2020.74036440098,2020.74037934427,54000000,NA
1975,1976,1.49432873699507e-05,50.6021440776626,5.58566337709662,50.6021686090962,5.58565743352321,0.58095723510217,0.5809422918148,2020.74036440098,2020.74037934427,54000000,NA
1976,1457,0.0683638251400001,50.6021686090962,5.58565743352321,50.6887596965773,5.53095948941985,0.64932106024217,0.58095723510217,2020.74037934427,2020.80874316941,54000000,hCoV-19/Belgium/ULG-10580/2020|EPI_ISL_626255|2020-10-23|Europe
1976,1456,0.07656054645,50.6021686090962,5.58565743352321,50.43027174883,5.55461101483845,0.65751778155217,0.58095723510217,2020.74037934427,2020.81693989072,54000000,hCoV-19/Belgium/ULG-10655/2020|EPI_ISL_636632|2020-10-26|Europe
1977,1979,0.04353,50.6021686090962,5.58565743352321,50.6765374893989,5.66044311056017,0.62448723510217,0.58095723510217,2020.74037934427,2020.78390934427,54000000,NA
1977,1978,0.06636,50.6021686090962,5.58565743352321,50.5579372190495,5.30376400056506,0.64731723510217,0.58095723510217,2020.74037934427,2020.80673934427,54000000,NA
1978,1459,0.01020054645,50.5579372190495,5.30376400056506,50.5617251592854,5.40219705332138,0.65751778155217,0.64731723510217,2020.80673934427,2020.81693989072,54000000,hCoV-19/Belgium/ULG-10666/2020|EPI_ISL_636642|2020-10-26|Europe
1978,1458,0.01020054645,50.5579372190495,5.30376400056506,50.5577745000401,5.30313038526478,0.65751778155217,0.64731723510217,2020.80673934427,2020.81693989072,54000000,hCoV-19/Belgium/ULG-10667/2020|EPI_ISL_636643|2020-10-26|Europe
1979,1980,0.0219200000000001,50.6765374893989,5.66044311056017,50.6762468286417,5.66034441308369,0.64640723510217,0.62448723510217,2020.78390934427,2020.80582934427,54000000,NA
1979,1460,0.03576278689,50.6765374893989,5.66044311056017,50.5122878213215,5.56020476819084,0.66025002199217,0.62448723510217,2020.78390934427,2020.81967213116,54000000,hCoV-19/Belgium/ULG-10627/2020|EPI_ISL_636606|2020-10-27|Europe
1980,1461,0.01111054645,50.6762468286417,5.66034441308369,50.6158966556152,5.3857621008098,0.65751778155217,0.64640723510217,2020.80582934427,2020.81693989072,54000000,hCoV-19/Belgium/ULG-10650/2020|EPI_ISL_636628|2020-10-26|Europe
1980,1462,0.07121983607,50.6762468286417,5.66034441308369,50.6764854954827,5.66281088139094,0.71762707117217,0.64640723510217,2020.80582934427,2020.87704918034,54000000,hCoV-19/Belgium/ULG-10800/2020|EPI_ISL_661230|2020-11-17|Europe
1981,1982,0.05065045692,50.6011960621042,5.5992010217178,50.6196323598844,5.7154659092124,0.5993972351038,0.5487467781838,2020.70816888735,2020.75881934427,54000000,NA
1981,1986,0.000285002361400055,50.6011960621042,5.5992010217178,50.6012208694003,5.59933712464324,0.5490317805452,0.5487467781838,2020.70816888735,2020.70845388971,54000000,NA
1982,1983,0.00290000000000001,50.6196323598844,5.7154659092124,50.6196460347421,5.7154340961951,0.6022972351038,0.5993972351038,2020.75881934427,2020.76171934427,54000000,NA
1982,1463,0.04992382514,50.6196323598844,5.7154659092124,50.6449793187666,5.89491260907516,0.6493210602438,0.5993972351038,2020.75881934427,2020.80874316941,54000000,hCoV-19/Belgium/ULG-10545/2020|EPI_ISL_626306|2020-10-23|Europe
1983,1984,0.04501,50.6196460347421,5.7154340961951,50.6200145104721,5.71535327676833,0.6473072351038,0.6022972351038,2020.76171934427,2020.80672934427,54000000,NA
1983,1985,0.04569,50.6196460347421,5.7154340961951,50.5649948313876,5.74547159487011,0.6479872351038,0.6022972351038,2020.76171934427,2020.80740934427,54000000,NA
1984,1465,0.01021054645,50.6200145104721,5.71535327676833,50.620285785712,5.716030724286,0.6575177815538,0.6473072351038,2020.80672934427,2020.81693989072,54000000,hCoV-19/Belgium/ULG-10629/2020|EPI_ISL_636608|2020-10-26|Europe
1984,1464,0.00201382513699999,50.6200145104721,5.71535327676833,50.5892823515429,5.62700456996928,0.6493210602408,0.6473072351038,2020.80672934427,2020.80874316941,54000000,hCoV-19/Belgium/ULG-10506/2020|EPI_ISL_626297|2020-10-23|Europe
1985,1467,0.00679830601099995,50.5649948313876,5.74547159487011,50.5653011522031,5.74542649230729,0.6547855411148,0.6479872351038,2020.80740934427,2020.81420765028,54000000,hCoV-19/Belgium/ULG-10639/2020|EPI_ISL_636617|2020-10-25|Europe
1985,1466,0.02319174863,50.5649948313876,5.74547159487011,50.5771956401728,5.66276722220382,0.6711789837338,0.6479872351038,2020.80740934427,2020.8306010929,54000000,hCoV-19/Belgium/ULG-10765/2020|EPI_ISL_644611|2020-10-31|Europe
1986,1992,0.000805454559499985,50.6012208694003,5.59933712464324,50.6012640178031,5.59974923117203,0.5498372351047,0.5490317805452,2020.70845388971,2020.70925934427,54000000,NA
1986,1987,0.00223545455899998,50.6012208694003,5.59933712464324,50.6292244627365,5.62665902546299,0.5512672351042,0.5490317805452,2020.70845388971,2020.71068934427,54000000,NA
1987,1468,0.0980538251399999,50.6292244627365,5.62665902546299,50.6419958702203,5.66261310808719,0.6493210602442,0.5512672351042,2020.71068934427,2020.80874316941,54000000,hCoV-19/Belgium/ULG-10555/2020|EPI_ISL_626317|2020-10-23|Europe
1987,1988,0.00511845540300004,50.6292244627365,5.62665902546299,50.6301783024011,5.61883412526323,0.5563856905072,0.5512672351042,2020.71068934427,2020.71580779968,54000000,NA
1988,1989,0.00873154459699998,50.6301783024011,5.61883412526323,50.6301950695287,5.61867634740605,0.5651172351042,0.5563856905072,2020.71580779968,2020.72453934427,54000000,NA
1988,1469,3.91948702199718e-05,50.6301783024011,5.61883412526323,50.6301836946592,5.61887144737416,0.55642488537742,0.5563856905072,2020.71580779968,2020.71584699455,54000000,hCoV-19/Belgium/ULG-10764/2020|EPI_ISL_641606|2020-09-19|Europe
1989,1990,0.00124999999999997,50.6301950695287,5.61867634740605,50.6214371015243,5.54916818277497,0.5663672351042,0.5651172351042,2020.72453934427,2020.72578934427,54000000,NA
1989,1470,0.00223661202199998,50.6301950695287,5.61867634740605,50.6473720888476,5.47723980928097,0.5673538471262,0.5651172351042,2020.72453934427,2020.72677595629,54000000,hCoV-19/Belgium/ULG-10499/2020|EPI_ISL_581661|2020-09-23|Europe
1990,1471,0.00098661202189998,50.6214371015243,5.54916818277497,50.6214699448646,5.54929542183494,0.5673538471261,0.5663672351042,2020.72578934427,2020.72677595629,54000000,hCoV-19/Belgium/ULG-10498/2020|EPI_ISL_581660|2020-09-23|Europe
1990,1991,0.08003,50.6214371015243,5.54916818277497,50.5860882387064,5.28827120527709,0.6463972351042,0.5663672351042,2020.72578934427,2020.80581934427,54000000,NA
1991,1473,0.07122983607,50.5860882387064,5.28827120527709,50.7108969923918,5.27360203799925,0.7176270711742,0.6463972351042,2020.80581934427,2020.87704918034,54000000,hCoV-19/Belgium/ULG-10803/2020|EPI_ISL_661232|2020-11-17|Europe
1991,1472,0.00292382513699996,50.5860882387064,5.28827120527709,50.5860904587872,5.28811562458658,0.6493210602412,0.6463972351042,2020.80581934427,2020.80874316941,54000000,hCoV-19/Belgium/ULG-10599/2020|EPI_ISL_626292|2020-10-23|Europe
1992,1993,0.0742759079,50.6012640178031,5.59974923117203,50.542980658209,5.75137773446413,0.6241131430047,0.5498372351047,2020.70925934427,2020.78353525217,54000000,NA
1992,1474,0.1076805464,50.6012640178031,5.59974923117203,50.5896164526452,5.8018907364936,0.6575177815047,0.5498372351047,2020.70925934427,2020.81693989067,54000000,hCoV-19/Belgium/ULG-10694/2020|EPI_ISL_636666|2020-10-26|Europe
1993,1997,0.000554092101100023,50.542980658209,5.75137773446413,50.5430547257558,5.75144224755515,0.6246672351058,0.6241131430047,2020.78353525217,2020.78408934427,54000000,NA
1993,1994,0.0210940921,50.542980658209,5.75137773446413,50.5427924421665,5.75180169905637,0.6452072351047,0.6241131430047,2020.78353525217,2020.80462934427,54000000,NA
1994,1475,0.00411382513699998,50.5427924421665,5.75180169905637,50.7285875666097,5.71814511667056,0.6493210602417,0.6452072351047,2020.80462934427,2020.80874316941,54000000,hCoV-19/Belgium/ULG-10544/2020|EPI_ISL_626303|2020-10-23|Europe
1994,1995,0.000720000000000054,50.5427924421665,5.75180169905637,50.4573548360348,5.72566663127636,0.6459272351047,0.6452072351047,2020.80462934427,2020.80534934427,54000000,NA
1995,1476,0.00339382513700004,50.4573548360348,5.72566663127636,50.427674669774,5.66871895544039,0.6493210602417,0.6459272351047,2020.80534934427,2020.80874316941,54000000,hCoV-19/Belgium/ULG-10531/2020|EPI_ISL_626315|2020-10-23|Europe
1995,1996,0.000940000000000052,50.4573548360348,5.72566663127636,50.4598126082531,5.72407253606999,0.6468672351047,0.6459272351047,2020.80534934427,2020.80628934427,54000000,NA
1996,1478,0.01065054645,50.4598126082531,5.72407253606999,50.460027592839,5.72277597810823,0.6575177815547,0.6468672351047,2020.80628934427,2020.81693989072,54000000,hCoV-19/Belgium/ULG-10644/2020|EPI_ISL_636622|2020-10-26|Europe
1996,1477,0.01065054645,50.4598126082531,5.72407253606999,50.4920635983507,5.32055062732943,0.6575177815547,0.6468672351047,2020.80628934427,2020.81693989072,54000000,hCoV-19/Belgium/ULG-10661/2020|EPI_ISL_636638|2020-10-26|Europe
1997,1479,0.03285054645,50.5430547257558,5.75144224755515,50.6532689434385,5.11323045505117,0.6575177815558,0.6246672351058,2020.78408934427,2020.81693989072,54000000,hCoV-19/Belgium/ULG-10657/2020|EPI_ISL_636634|2020-10-26|Europe
1997,1480,0.03285054645,50.5430547257558,5.75144224755515,50.5429870599437,5.75137507148597,0.6575177815558,0.6246672351058,2020.78408934427,2020.81693989072,54000000,hCoV-19/Belgium/ULG-10662/2020|EPI_ISL_636639|2020-10-26|Europe
1998,1481,0.06572404372,50.6018090477713,5.5018115712363,50.5997519111163,5.49176602717126,0.5154412788161,0.4497172350961,2020.60913934426,2020.67486338798,54000000,hCoV-19/Belgium/ULG-10606/2020|EPI_ISL_626251|2020-09-04|Europe
2004,2001,9.89071027300038e-06,50.6070120677927,5.35625842398211,50.6076705170453,5.35591406680263,9.89071027300038e-06,0,2020.71856934426,2020.71857923497,54000000,hCoV-19/Belgium/ULG-10757/2020|EPI_ISL_641599|2020-09-20|Europe
2004,2005,0.00479,50.6070120677927,5.35625842398211,50.4855404472981,5.28455355168505,0.00479,0,2020.71856934426,2020.72335934426,54000000,NA
2005,2003,0.0006843715848,50.4855404472981,5.28455355168505,50.4854070754787,5.28519022806974,0.0054743715848,0.00479,2020.72335934426,2020.72404371584,54000000,hCoV-19/Belgium/ULG-10473/2020|EPI_ISL_581642|2020-09-22|Europe
2219,2216,0.04766382514,50.5430434116849,5.53631550702179,50.524263224536,5.50080153709102,0.04766382514,0,2020.76107934426,2020.8087431694,54000000,hCoV-19/Belgium/ULG-10596/2020|EPI_ISL_626289|2020-10-23|Europe
2219,2220,0.04512,50.5430434116849,5.53631550702179,50.5629283470846,5.51953479743267,0.04512,0,2020.76107934426,2020.80619934426,54000000,NA
2220,2217,0.00254382513700001,50.5629283470846,5.51953479743267,50.4622979856593,5.70300050523592,0.047663825137,0.04512,2020.80619934426,2020.8087431694,54000000,hCoV-19/Belgium/ULG-10521/2020|EPI_ISL_626279|2020-10-23|Europe
2220,2218,0.06811759563,50.5629283470846,5.51953479743267,50.6105001403627,5.73254079788802,0.11323759563,0.04512,2020.80619934426,2020.87431693989,54000000,hCoV-19/Belgium/ULG-10820/2020|EPI_ISL_661243|2020-11-16|Europe
2242,2243,3.45893671499994e-05,50.503471399694,5.28166835695277,50.503548254207,5.28189515812231,3.45893671499994e-05,0,2020.68797475489,2020.68800934426,54000000,NA
2242,2244,3.45893671499994e-05,50.503471399694,5.28166835695277,50.503548254207,5.28189515812231,3.45893671499994e-05,0,2020.68797475489,2020.68800934426,54000000,NA
2243,2228,0.03056989071,50.503548254207,5.28189515812231,50.5446607501703,5.22628952829939,0.03060448007715,3.45893671499994e-05,2020.68800934426,2020.71857923497,54000000,hCoV-19/Belgium/ULG-10756/2020|EPI_ISL_641598|2020-09-20|Europe
2243,2229,0.02510540984,50.503548254207,5.28189515812231,50.4830203866008,5.22816346137981,0.02513999920715,3.45893671499994e-05,2020.68800934426,2020.7131147541,54000000,hCoV-19/Belgium/ULG-10734/2020|EPI_ISL_641576|2020-09-18|Europe
2244,2230,0.02510540984,50.503548254207,5.28189515812231,50.511308787617,5.31084823681542,0.02513999920715,3.45893671499994e-05,2020.68800934426,2020.7131147541,54000000,hCoV-19/Belgium/ULG-10733/2020|EPI_ISL_641575|2020-09-18|Europe
2244,2245,0.00857,50.503548254207,5.28189515812231,50.5048310701636,5.28073696808764,0.00860458936715,3.45893671499994e-05,2020.68800934426,2020.69657934426,54000000,NA
2245,2231,0.03019661202,50.5048310701636,5.28073696808764,50.5062929594144,5.27877983682552,0.03880120138715,0.00860458936715,2020.69657934426,2020.72677595628,54000000,hCoV-19/Belgium/ULG-10481/2020|EPI_ISL_581590|2020-09-23|Europe
2245,2246,0.00395,50.5048310701636,5.28073696808764,50.5039692533562,5.28123398788133,0.01255458936715,0.00860458936715,2020.69657934426,2020.70052934426,54000000,NA
2246,2247,0.00216,50.5039692533562,5.28123398788133,50.5044192967064,5.28333141420023,0.01471458936715,0.01255458936715,2020.70052934426,2020.70268934426,54000000,NA
2246,2250,0.00216,50.5039692533562,5.28123398788133,50.5044192967064,5.28333141420023,0.01471458936715,0.01255458936715,2020.70052934426,2020.70268934426,54000000,NA
2247,2248,0.00221,50.5044192967064,5.28333141420023,50.4982650499879,5.25271881340186,0.01692458936715,0.01471458936715,2020.70268934426,2020.70489934426,54000000,NA
2247,2249,0.00221,50.5044192967064,5.28333141420023,50.4982650499879,5.25271881340186,0.01692458936715,0.01471458936715,2020.70268934426,2020.70489934426,54000000,NA
2248,2232,1.86885246400009e-05,50.4982650499879,5.25271881340186,50.4955491098735,5.28418581647104,0.01694327789179,0.01692458936715,2020.70489934426,2020.70491803278,54000000,hCoV-19/Belgium/ULG-10724/2020|EPI_ISL_641566|2020-09-15|Europe
2248,2233,0.01094765027,50.4982650499879,5.25271881340186,50.5129251745511,5.24353728436803,0.02787223963715,0.01692458936715,2020.70489934426,2020.71584699453,54000000,hCoV-19/Belgium/ULG-10746/2020|EPI_ISL_641588|2020-09-19|Europe
2249,2234,1.86885246400009e-05,50.4982650499879,5.25271881340186,50.555595678306,5.38775094319164,0.01694327789179,0.01692458936715,2020.70489934426,2020.70491803278,54000000,hCoV-19/Belgium/ULG-10723/2020|EPI_ISL_641565|2020-09-15|Europe
2249,2235,0.01094765027,50.4982650499879,5.25271881340186,50.4767130324889,5.16488406016936,0.02787223963715,0.01692458936715,2020.70489934426,2020.71584699453,54000000,hCoV-19/Belgium/ULG-10747/2020|EPI_ISL_641589|2020-09-19|Europe
2250,2251,0.00221,50.5044192967064,5.28333141420023,50.4982650499879,5.25271881340186,0.01692458936715,0.01471458936715,2020.70268934426,2020.70489934426,54000000,NA
2250,2252,0.01302,50.5044192967064,5.28333141420023,50.5056698986292,5.28089246599497,0.02773458936715,0.01471458936715,2020.70268934426,2020.71570934426,54000000,NA
2251,2236,1.86885246400009e-05,50.4982650499879,5.25271881340186,50.4986388777292,5.18281769740138,0.01694327789179,0.01692458936715,2020.70489934426,2020.70491803278,54000000,hCoV-19/Belgium/ULG-10725/2020|EPI_ISL_641567|2020-09-15|Europe
2251,2237,0.01094765027,50.4982650499879,5.25271881340186,50.5671100119638,5.17405784159139,0.02787223963715,0.01692458936715,2020.70489934426,2020.71584699453,54000000,hCoV-19/Belgium/ULG-10748/2020|EPI_ISL_641590|2020-09-19|Europe
2252,2238,0.000137650273100001,50.5056698986292,5.28089246599497,50.5062681176069,5.28660776428872,0.02787223964025,0.02773458936715,2020.71570934426,2020.71584699453,54000000,hCoV-19/Belgium/ULG-10749/2020|EPI_ISL_641591|2020-09-19|Europe
2252,2253,0.008152375582,50.5056698986292,5.28089246599497,50.5394511443721,5.32367857017767,0.03588696494915,0.02773458936715,2020.71570934426,2020.72386171984,54000000,NA
2253,2239,0.002914236439,50.5394511443721,5.32367857017767,50.5727375720444,5.39583536334145,0.03880120138815,0.03588696494915,2020.72386171984,2020.72677595628,54000000,hCoV-19/Belgium/ULG-10482/2020|EPI_ISL_581591|2020-09-23|Europe
2253,2254,0.000477624417599999,50.5394511443721,5.32367857017767,50.538691959823,5.32785635393529,0.03636458936675,0.03588696494915,2020.72386171984,2020.72433934426,54000000,NA
2254,2240,0.002436612022,50.538691959823,5.32785635393529,50.5728828709129,5.09387398569001,0.03880120138875,0.03636458936675,2020.72433934426,2020.72677595628,54000000,hCoV-19/Belgium/ULG-10485/2020|EPI_ISL_581592|2020-09-23|Europe
2254,2241,0.002436612022,50.538691959823,5.32785635393529,50.5387947678274,5.32840622399651,0.03880120138875,0.03636458936675,2020.72433934426,2020.72677595628,54000000,hCoV-19/Belgium/ULG-10487/2020|EPI_ISL_581593|2020-09-23|Europe
2319,2304,0.05492644809,50.5530172734896,5.57152461629535,50.5641261269943,5.5821523865494,0.124208120291,0.069281672201,2020.64725934427,2020.70218579236,54000000,hCoV-19/Belgium/ULG-10717/2020|EPI_ISL_641559|2020-09-14|Europe
2319,2305,0.02760404372,50.5530172734896,5.57152461629535,50.537318861058,5.55595518151829,0.096885715921,0.069281672201,2020.64725934427,2020.67486338799,54000000,hCoV-19/Belgium/ULG-10604/2020|EPI_ISL_626249|2020-09-04|Europe
2626,2469,0.133245082,50.5752085182703,5.50949610332717,50.6055719495845,5.6591770365583,0.5050050819811,0.3717599999811,2020.53068934423,2020.66393442623,54000000,hCoV-19/Belgium/ULG-10464/2020|EPI_ISL_581635|2020-08-31|Europe
2793,2794,0.33987,50.549751466548,5.31708848980429,50.5404174221828,5.27730586303755,0.3406513962513,0.000781396251300026,2020.36713934426,2020.70700934426,54000000,NA
2794,2795,0.01976,50.5404174221828,5.27730586303755,50.5412443612692,5.27797091174177,0.3604113962513,0.3406513962513,2020.70700934426,2020.72676934426,54000000,NA
2794,2749,0.01703437158,50.5404174221828,5.27730586303755,50.5437531426885,5.25960332973896,0.3576857678313,0.3406513962513,2020.70700934426,2020.72404371584,54000000,hCoV-19/Belgium/ULG-10469/2020|EPI_ISL_581639|2020-09-22|Europe
2795,2751,6.61202187901555e-06,50.5412443612692,5.27797091174177,50.5738462877477,5.85752434644827,0.360418008273179,0.3604113962513,2020.72676934426,2020.72677595628,54000000,hCoV-19/Belgium/ULG-10479/2020|EPI_ISL_581575|2020-09-23|Europe
2865,2812,0.2334299023,50.540712644117,5.23599744477259,50.6580980425771,5.61122902637888,0.2922716295702,0.0588417272702,2020.57531326709,2020.80874316939,54000000,hCoV-19/Belgium/ULG-10551/2020|EPI_ISL_626312|2020-10-23|Europe
2874,2821,0.1268377476,50.517955033663,5.30152218786164,50.5577649443526,5.82931750747047,0.1884464929702,0.0616087453702,2020.57808028519,2020.70491803279,54000000,hCoV-19/Belgium/ULG-10726/2020|EPI_ISL_641568|2020-09-15|Europe
2894,2841,0.1465443716,50.6430259551505,5.57707772762719,50.4107114091226,6.03848913208511,0.2075721760702,0.0610278044702,2020.57749934429,2020.72404371589,54000000,hCoV-19/Belgium/ULG-10468/2020|EPI_ISL_581638|2020-09-22|Europe
2903,2850,0.1820075956,50.6209306759019,5.46602751007441,50.5046207326843,5.64605618612519,0.3578454000702,0.1758378044702,2020.69230934429,2020.87431693989,54000000,hCoV-19/Belgium/ULG-10793/2020|EPI_ISL_661227|2020-11-16|Europe
2903,2904,0.00214,50.6209306759019,5.46602751007441,50.6215059359438,5.46611486594757,0.1779778044702,0.1758378044702,2020.69230934429,2020.69444934429,54000000,NA
2904,2851,0.1224905464,50.6215059359438,5.46611486594757,50.6213871961598,5.46850036364887,0.3004683508702,0.1779778044702,2020.69444934429,2020.81693989069,54000000,hCoV-19/Belgium/ULG-10654/2020|EPI_ISL_636631|2020-10-26|Europe
2906,2854,2.64480875200035e-05,50.6001525625006,5.5489316733572,50.6001548320176,5.54909304614754,0.18571425255772,0.1856878044702,2020.70215934429,2020.70218579238,54000000,hCoV-19/Belgium/ULG-10715/2020|EPI_ISL_641557|2020-09-14|Europe
2906,2853,2.64480875200035e-05,50.6001525625006,5.5489316733572,50.5981104244837,5.54368431029866,0.18571425255772,0.1856878044702,2020.70215934429,2020.70218579238,54000000,hCoV-19/Belgium/ULG-10716/2020|EPI_ISL_641558|2020-09-14|Europe
2940,2937,0.02580919891,50.5698610185155,5.61332450152086,50.5719304498226,5.62182612064746,0.02580919891,0,2020.69003779563,2020.71584699454,54000000,hCoV-19/Belgium/ULG-10743/2020|EPI_ISL_641585|2020-09-19|Europe
2940,2941,0.0006915486355,50.5698610185155,5.61332450152086,50.5692836935402,5.60887238012218,0.0006915486355,0,2020.69003779563,2020.69072934427,54000000,NA
2941,2938,0.02238540984,50.5692836935402,5.60887238012218,50.5846468506811,5.60737259604852,0.0230769584755,0.0006915486355,2020.69072934427,2020.71311475411,54000000,hCoV-19/Belgium/ULG-10736/2020|EPI_ISL_641578|2020-09-18|Europe
2941,2939,0.02511765027,50.5692836935402,5.60887238012218,50.571486539468,5.6296037037276,0.0258091989055,0.0006915486355,2020.69072934427,2020.71584699454,54000000,hCoV-19/Belgium/ULG-10741/2020|EPI_ISL_641583|2020-09-19|Europe
3206,3202,0.01594404372,50.6424858116232,5.63898009922865,50.6014210817417,5.65029840031502,0.03895404372,0.02301,2020.65891934426,2020.67486338798,54000000,hCoV-19/Belgium/ULG-10608/2020|EPI_ISL_626250|2020-09-04|Europe
