node1,node2,length,startLat,startLon,endLat,endLon,endNodeL,startNodeL,startYear,endYear,treeID,tipLabel
44,42,0.06147877138,50.6304803615112,5.74461976116519,50.6354094838736,5.75125331216508,0.12478420765,0.06330543627,2020.13797478053,2020.19945355191,141600000,hCoV-19/Belgium/ULG-6688/2020|EPI_ISL_418625|2020-03-14|Europe
44,45,0.02047456373,50.6304803615112,5.74461976116519,50.6294564076876,5.74863811352782,0.08378,0.06330543627,2020.13797478053,2020.15844934426,141600000,NA
45,47,0.0018,50.6294564076876,5.74863811352782,50.6407101869808,5.76088384786489,0.08558,0.08378,2020.15844934426,2020.16024934426,141600000,NA
47,48,0.0018,50.6407101869808,5.76088384786489,50.6407101869808,5.76088384786489,0.08738,0.08558,2020.16024934426,2020.16204934426,141600000,NA
48,49,0.00167,50.6407101869808,5.76088384786489,50.5899303791811,6.02906528543683,0.08905,0.08738,2020.16204934426,2020.16371934426,141600000,NA
48,51,0.01998,50.6407101869808,5.76088384786489,50.6482086356676,5.68497854005926,0.10736,0.08738,2020.16204934426,2020.18202934426,141600000,NA
49,10,0.000215081967299996,50.5899303791811,6.02906528543683,50.5902216955547,6.0161845091987,0.0892650819673,0.08905,2020.16371934426,2020.16393442623,141600000,hCoV-19/Belgium/CG-030158/2020|EPI_ISL_418987|2020-03-01|Europe
49,50,0.01114,50.5899303791811,6.02906528543683,50.6179813820588,5.95038940269409,0.10019,0.08905,2020.16371934426,2020.17485934426,141600000,NA
50,12,0.00273628415299998,50.6179813820588,5.95038940269409,50.6673932149774,5.93647076034075,0.102926284153,0.10019,2020.17485934426,2020.17759562841,141600000,hCoV-19/Belgium/MJP-0306100/2020|EPI_ISL_420356|2020-03-06|Europe
50,11,4.04371579998397e-06,50.6179813820588,5.95038940269409,50.6182505109198,5.95003744953079,0.1001940437158,0.10019,2020.17485934426,2020.17486338798,141600000,hCoV-19/Belgium/SJ-030583/2020|EPI_ISL_420339|2020-03-05|Europe
51,52,0.01366,50.6482086356676,5.68497854005926,50.6540940055023,5.66974732628771,0.12102,0.10736,2020.18202934426,2020.19568934426,141600000,NA
51,62,0.00184999999999999,50.6482086356676,5.68497854005926,50.6548984069466,5.67103667819588,0.10921,0.10736,2020.18202934426,2020.18387934426,141600000,NA
52,53,0.03044,50.6540940055023,5.66974732628771,50.6531165388922,5.67100060166829,0.15146,0.12102,2020.19568934426,2020.22612934426,141600000,NA
52,54,0.00184999999999999,50.6540940055023,5.66974732628771,50.6548984069466,5.67103667819588,0.12287,0.12102,2020.19568934426,2020.19753934426,141600000,NA
53,14,0.01704005464,50.6531165388922,5.67100060166829,50.5800007869811,5.86360549680758,0.16850005464,0.15146,2020.22612934426,2020.2431693989,141600000,hCoV-19/Belgium/ULG-10028/2020|EPI_ISL_421202|2020-03-30|Europe
53,13,0.01977229508,50.6531165388922,5.67100060166829,50.5647117655029,5.5247699897677,0.17123229508,0.15146,2020.22612934426,2020.24590163934,141600000,hCoV-19/Belgium/ULG-10032/2020|EPI_ISL_421206|2020-03-31|Europe
54,56,0.00820000000000001,50.6548984069466,5.67103667819588,50.6702470639506,5.63517680740543,0.13107,0.12287,2020.19753934426,2020.20573934426,141600000,NA
56,17,0.00191092896200001,50.6702470639506,5.63517680740543,50.3422272429212,6.25586614053313,0.132980928962,0.13107,2020.20573934426,2020.20765027322,141600000,hCoV-19/Belgium/ULG-7626/2020|EPI_ISL_418633|2020-03-17|Europe
56,57,0.02205,50.6702470639506,5.63517680740543,50.678162696225,5.63814809724768,0.15312,0.13107,2020.20573934426,2020.22778934426,141600000,NA
57,18,0.03177349727,50.678162696225,5.63814809724768,50.4706182945347,5.82939710560777,0.18489349727,0.15312,2020.22778934426,2020.25956284153,141600000,hCoV-19/Belgium/ULG-10052/2020|EPI_ISL_424657|2020-04-05|Europe
57,58,0.00164592136399999,50.678162696225,5.63814809724768,50.6770832571441,5.64040512070667,0.154765921364,0.15312,2020.22778934426,2020.22943526562,141600000,NA
58,59,0.0003540786357,50.6770832571441,5.64040512070667,50.6765142731643,5.63940374173219,0.1551199999997,0.154765921364,2020.22943526562,2020.22978934426,141600000,NA
58,19,0.06837894202,50.6770832571441,5.64040512070667,50.6159826362162,5.82211358239193,0.223144863384,0.154765921364,2020.22943526562,2020.29781420764,141600000,hCoV-19/Belgium/ULG-10165/2020|EPI_ISL_447159|2020-04-19|Europe
59,20,0.03523797814,50.6765142731643,5.63940374173219,50.6717405100194,5.63877558126074,0.1903579781397,0.1551199999997,2020.22978934426,2020.2650273224,141600000,hCoV-19/Belgium/ULG-10132/2020|EPI_ISL_427377|2020-04-07|Europe
59,60,0.00462000000000001,50.6765142731643,5.63940374173219,50.6771024321081,5.63884118749832,0.1597399999997,0.1551199999997,2020.22978934426,2020.23440934426,141600000,NA
60,21,0.03061797814,50.6771024321081,5.63884118749832,50.6593441938255,5.53994488564647,0.1903579781397,0.1597399999997,2020.23440934426,2020.2650273224,141600000,hCoV-19/Belgium/ULG-10120/2020|EPI_ISL_427368|2020-04-07|Europe
60,61,0.06302,50.6771024321081,5.63884118749832,50.596618306324,5.85023258402453,0.2227599999997,0.1597399999997,2020.23440934426,2020.29742934426,141600000,NA
61,23,0.0003848633878,50.596618306324,5.85023258402453,50.5967738787782,5.85033239243096,0.2231448633875,0.2227599999997,2020.29742934426,2020.29781420765,141600000,hCoV-19/Belgium/ULG-10166/2020|EPI_ISL_447160|2020-04-19|Europe
61,22,0.06049415301,50.596618306324,5.85023258402453,50.5476518544976,5.76067797802347,0.2832541530097,0.2227599999997,2020.29742934426,2020.35792349727,141600000,hCoV-19/Belgium/ULG-10187/2020|EPI_ISL_455975|2020-05-11|Europe
62,64,0.01234,50.6548984069466,5.67103667819588,50.5488470773916,5.66621604296227,0.12155,0.10921,2020.18387934426,2020.19621934426,141600000,NA
64,66,0.02723322191,50.5488470773916,5.66621604296227,50.5289472670665,5.66984640496457,0.14878322191,0.12155,2020.19621934426,2020.22345256617,141600000,NA
66,67,0.01886677809,50.5289472670665,5.66984640496457,50.6137257090368,6.06864519802593,0.16765,0.14878322191,2020.22345256617,2020.24231934426,141600000,NA
66,77,0.000576778090700003,50.5289472670665,5.66984640496457,50.4606793712181,6.20569951755061,0.1493600000007,0.14878322191,2020.22345256617,2020.22402934426,141600000,NA
67,68,0.01,50.6137257090368,6.06864519802593,50.720478257158,6.01979686752375,0.17765,0.16765,2020.24231934426,2020.25231934426,141600000,NA
67,28,0.06642382514,50.6137257090368,6.06864519802593,50.6147686442393,6.07091255499721,0.23407382514,0.16765,2020.24231934426,2020.3087431694,141600000,hCoV-19/Belgium/rega-0423298/2020|EPI_ISL_462152|2020-04-23|Europe
68,69,0.00223999999999999,50.720478257158,6.01979686752375,50.7206201617647,6.01779155396732,0.17989,0.17765,2020.25231934426,2020.25455934426,141600000,NA
69,30,0.00227125683000001,50.7206201617647,6.01779155396732,50.720118479127,6.01766431439363,0.18216125683,0.17989,2020.25455934426,2020.25683060109,141600000,hCoV-19/Belgium/ULG-10088/2020|EPI_ISL_424646|2020-04-04|Europe
69,70,0.00225,50.7206201617647,6.01779155396732,50.7119187731936,6.00288673088047,0.18214,0.17989,2020.25455934426,2020.25680934426,141600000,NA
70,31,2.12568304900074e-05,50.7119187731936,6.00288673088047,50.7118980962637,6.00291927586791,0.18216125683049,0.18214,2020.25680934426,2020.25683060109,141600000,hCoV-19/Belgium/ULG-10089/2020|EPI_ISL_424643|2020-04-04|Europe
70,71,0.00273000000000001,50.7119187731936,6.00288673088047,50.3383321808717,6.2850335912174,0.18487,0.18214,2020.25680934426,2020.25953934426,141600000,NA
71,72,0.0304,50.3383321808717,6.2850335912174,50.7259161403577,6.00839688201854,0.21527,0.18487,2020.25953934426,2020.28993934426,141600000,NA
71,32,2.34972676199929e-05,50.3383321808717,6.2850335912174,50.3383378562588,6.28504364045921,0.18489349726762,0.18487,2020.25953934426,2020.25956284153,141600000,hCoV-19/Belgium/ULG-10095/2020|EPI_ISL_424651|2020-04-05|Europe
72,73,0.00237999999999999,50.7259161403577,6.00839688201854,50.7249076390111,6.00836798056777,0.21765,0.21527,2020.28993934426,2020.29231934426,141600000,NA
72,33,0.01880382514,50.7259161403577,6.00839688201854,50.7278763920495,6.01352818407932,0.23407382514,0.21527,2020.28993934426,2020.3087431694,141600000,hCoV-19/Belgium/rega-0423301/2020|EPI_ISL_462155|2020-04-23|Europe
73,34,3.03825135899993e-05,50.7249076390111,6.00836798056777,50.6158959640947,6.0873247798153,0.21768038251359,0.21765,2020.29231934426,2020.29234972677,141600000,hCoV-19/Belgium/ULG-10146/2020|EPI_ISL_447138|2020-04-17|Europe
73,74,0.0115,50.7249076390111,6.00836798056777,50.7320982417565,6.00263804702087,0.22915,0.21765,2020.29231934426,2020.30381934426,141600000,NA
74,35,0.00492382513699999,50.7320982417565,6.00263804702087,50.3463725591776,6.35416707593142,0.234073825137,0.22915,2020.30381934426,2020.3087431694,141600000,hCoV-19/Belgium/rega-0423299/2020|EPI_ISL_462153|2020-04-23|Europe
74,75,0.00247,50.7320982417565,6.00263804702087,50.7294518118201,6.00331434929469,0.23162,0.22915,2020.30381934426,2020.30628934426,141600000,NA
75,76,0.00242000000000001,50.7294518118201,6.00331434929469,50.5915433154097,5.97914653193294,0.23404,0.23162,2020.30628934426,2020.30870934426,141600000,NA
75,36,0.00245382513699999,50.7294518118201,6.00331434929469,50.7237444506163,6.01839156479356,0.234073825137,0.23162,2020.30628934426,2020.3087431694,141600000,hCoV-19/Belgium/rega-0423300/2020|EPI_ISL_462154|2020-04-23|Europe
76,38,3.38251365699926e-05,50.5915433154097,5.97914653193294,50.7185932794275,6.01716850605807,0.23407382513657,0.23404,2020.30870934426,2020.3087431694,141600000,hCoV-19/Belgium/rega-0423297/2020|EPI_ISL_462151|2020-04-23|Europe
76,37,3.38251365699926e-05,50.5915433154097,5.97914653193294,50.5915899784982,5.97915851157014,0.23407382513657,0.23404,2020.30870934426,2020.3087431694,141600000,hCoV-19/Belgium/rega-0423303/2020|EPI_ISL_462157|2020-04-23|Europe
77,39,1.43715847500114e-05,50.4606793712181,6.20569951755061,50.4606139283828,6.20556945130673,0.14937437158545,0.1493600000007,2020.22402934426,2020.22404371585,141600000,hCoV-19/Belgium/ULG-0184/2020|EPI_ISL_447127|2020-03-23|Europe
77,78,0.04295,50.4606793712181,6.20569951755061,50.6300821838647,6.00342052611628,0.1923100000007,0.1493600000007,2020.22402934426,2020.26697934426,141600000,NA
78,40,0.02537038251,50.6300821838647,6.00342052611628,50.6184311940222,6.05368759014943,0.2176803825107,0.1923100000007,2020.26697934426,2020.29234972677,141600000,hCoV-19/Belgium/ULG-10145/2020|EPI_ISL_447137|2020-04-17|Europe
78,41,0.04176382514,50.6300821838647,6.00342052611628,50.6481674686021,6.02296132472428,0.2340738251407,0.1923100000007,2020.26697934426,2020.3087431694,141600000,hCoV-19/Belgium/rega-0423302/2020|EPI_ISL_462156|2020-04-23|Europe
160,161,0.000371101413800007,50.618724925,5.59358715769393,50.6196865390529,5.59292759078903,0.0261823681525,0.0258112667387,2020.1733182428,2020.17368934422,141600000,NA
160,163,0.000371101413800007,50.618724925,5.59358715769393,50.6196865390529,5.59292759078903,0.0261823681525,0.0258112667387,2020.1733182428,2020.17368934422,141600000,NA
161,104,0.07221229508,50.6196865390529,5.59292759078903,50.6190768006528,5.61621696018822,0.0983946632325,0.0261823681525,2020.17368934422,2020.2459016393,141600000,hCoV-19/Belgium/ULG-10022/2020|EPI_ISL_421197|2020-03-31|Europe
163,164,0.005785979926,50.6196865390529,5.59292759078903,50.6216558546841,5.60944440990128,0.0319683480785,0.0261823681525,2020.17368934422,2020.17947532414,141600000,NA
164,107,0.000852544663600019,50.6216558546841,5.60944440990128,50.705630291928,5.63809670632744,0.0328208927421,0.0319683480785,2020.17947532414,2020.18032786881,141600000,hCoV-19/Belgium/ULG-3662/2020|EPI_ISL_417008|2020-03-07|Europe
164,165,0.000844020073500013,50.6216558546841,5.60944440990128,50.6234035376911,5.6081303485684,0.032812368152,0.0319683480785,2020.17947532414,2020.18031934422,141600000,NA
165,109,8.52459005198924e-06,50.6234035376911,5.6081303485684,50.6233984682189,5.60817683615944,0.032820892742052,0.032812368152,2020.18031934422,2020.18032786881,141600000,hCoV-19/Belgium/ULG-3683/2020|EPI_ISL_417011|2020-03-07|Europe
165,108,8.52459005198924e-06,50.6234035376911,5.6081303485684,50.7073099001404,5.60485369574216,0.032820892742052,0.032812368152,2020.18031934422,2020.18032786881,141600000,hCoV-19/Belgium/ULG-3665/2020|EPI_ISL_417009|2020-03-07|Europe
202,203,0.000409999999999994,50.5084079542727,5.61502805925023,50.5080908658326,5.61414584819856,0.000409999999999994,0,2020.57898934424,2020.57939934424,141600000,NA
203,198,0.1364476503,50.5080908658326,5.61414584819856,50.5058244097523,5.59642163857692,0.1368576503,0.000409999999999994,2020.57939934424,2020.71584699454,141600000,hCoV-19/Belgium/ULG-10751/2020|EPI_ISL_641593|2020-09-19|Europe
203,204,0.00803000000000001,50.5080908658326,5.61414584819856,50.4917724734364,5.5925909272244,0.00844,0.000409999999999994,2020.57939934424,2020.58742934424,141600000,NA
204,205,0.0278,50.4917724734364,5.5925909272244,50.4881458491164,5.61811457878592,0.03624,0.00844,2020.58742934424,2020.61522934424,141600000,NA
205,200,0.002256994535,50.4881458491164,5.61811457878592,50.4944206536278,5.69686974801812,0.038496994535,0.03624,2020.61522934424,2020.61748633878,141600000,hCoV-19/Belgium/ULG-10423/2020|EPI_ISL_581584|2020-08-14|Europe
205,201,0.002256994535,50.4881458491164,5.61811457878592,50.4877142441618,5.61841057298012,0.038496994535,0.03624,2020.61522934424,2020.61748633878,141600000,hCoV-19/Belgium/ULG-10424/2020|EPI_ISL_581583|2020-08-14|Europe
251,270,0.000745681084199978,50.6342773532316,5.68008800870599,50.6349531664511,5.68336547091485,0.000745681084199978,0,2020.15731945442,2020.15806513551,141600000,NA
251,252,0.0007598898608,50.6342773532316,5.68008800870599,50.6341063338429,5.68045657360291,0.0007598898608,0,2020.15731945442,2020.15807934428,141600000,NA
252,253,0.10967,50.6341063338429,5.68045657360291,50.5415314962698,5.47355278645011,0.1104298898608,0.0007598898608,2020.15807934428,2020.26774934428,141600000,NA
252,254,0.00696751472599999,50.6341063338429,5.68045657360291,50.5218409781767,5.45043014630355,0.00772740458679999,0.0007598898608,2020.15807934428,2020.16504685901,141600000,NA
253,213,1.02185792300036e-05,50.5415314962698,5.47355278645011,50.6052704726046,5.87640592741011,0.11044010844003,0.1104298898608,2020.26774934428,2020.26775956286,141600000,hCoV-19/Belgium/ULG-10139/2020|EPI_ISL_427384|2020-04-08|Europe
253,214,1.02185792300036e-05,50.5415314962698,5.47355278645011,50.5415411759317,5.47354167000121,0.11044010844003,0.1104298898608,2020.26774934428,2020.26775956286,141600000,hCoV-19/Belgium/ULG-10138/2020|EPI_ISL_427383|2020-04-08
254,255,0.000172485273999989,50.5218409781767,5.45043014630355,50.5232073814274,5.44980174172557,0.00789988986079998,0.00772740458679999,2020.16504685901,2020.16521934428,141600000,NA
254,256,0.000172485273999989,50.5218409781767,5.45043014630355,50.5232073814274,5.44980174172557,0.00789988986079998,0.00772740458679999,2020.16504685901,2020.16521934428,141600000,NA
255,215,0.00964404371600003,50.5232073814274,5.44980174172557,50.5229567891856,5.44995558577524,0.0175439335768,0.00789988986079998,2020.16521934428,2020.174863388,141600000,hCoV-19/Belgium/ULG-3162/2020|EPI_ISL_417005|2020-03-05
255,216,0.09980797814,50.5232073814274,5.44980174172557,50.439282104667,5.76650277620237,0.1077078680008,0.00789988986079998,2020.16521934428,2020.26502732242,141600000,hCoV-19/Belgium/ULG-10121/2020|EPI_ISL_427369|2020-04-07|Europe
256,257,0.03412972583,50.5232073814274,5.44980174172557,50.5558184759947,5.24775120340011,0.0420296156908,0.00789988986079998,2020.16521934428,2020.19934907011,141600000,NA
256,262,0.00583,50.5232073814274,5.44980174172557,50.6896835605029,5.19957871460958,0.0137298898608,0.00789988986079998,2020.16521934428,2020.17104934428,141600000,NA
257,261,0.00092027416599999,50.5558184759947,5.24775120340011,50.5558953092306,5.24765763067082,0.0429498898568,0.0420296156908,2020.19934907011,2020.20026934428,141600000,NA
259,218,0.03328229508,50.7015146873281,5.97407550269643,50.6003809862097,5.53624698710925,0.0885821849368,0.0552998898568,2020.21261934428,2020.24590163936,141600000,hCoV-19/Belgium/ULG-10041/2020|EPI_ISL_427347|2020-03-31|Europe
259,260,0.03327,50.7015146873281,5.97407550269643,50.6671498161148,5.96267073904016,0.0885698898568,0.0552998898568,2020.21261934428,2020.24588934428,141600000,NA
260,220,1.22950819900214e-05,50.6671498161148,5.96267073904016,50.6672016390226,5.96268115285466,0.08858218493879,0.0885698898568,2020.24588934428,2020.24590163936,141600000,hCoV-19/Belgium/ULG-10004/2020|EPI_ISL_421184|2020-03-31|Europe
260,219,0.01913797814,50.6671498161148,5.96267073904016,50.6048335947997,5.68182250643091,0.1077078679968,0.0885698898568,2020.24588934428,2020.26502732242,141600000,hCoV-19/Belgium/ULG-10125/2020|EPI_ISL_427390|2020-04-07|Europe
261,222,0.01284540984,50.5558953092306,5.24765763067082,50.5807332313172,5.60335864416691,0.0557952996968,0.0429498898568,2020.20026934428,2020.21311475412,141600000,hCoV-19/Belgium/ULG-8578/2020|EPI_ISL_418638|2020-03-19|Europe
261,221,0.03470333333,50.5558953092306,5.24765763067082,50.5519240047487,5.24765603297714,0.0776532231868,0.0429498898568,2020.20026934428,2020.23497267761,141600000,hCoV-19/Belgium/DV-0327353/2020|EPI_ISL_462207|2020-03-27|Europe
262,263,0.00190000000000001,50.6896835605029,5.19957871460958,50.6898469648622,5.19979136691053,0.0156298898608,0.0137298898608,2020.17104934428,2020.17294934428,141600000,NA
263,265,0.00190000000000001,50.6898469648622,5.19979136691053,50.6898469648622,5.19979136691053,0.0175298898608,0.0156298898608,2020.17294934428,2020.17484934428,141600000,NA
263,264,0.00190000000000001,50.6898469648622,5.19979136691053,50.6898469648622,5.19979136691053,0.0175298898608,0.0156298898608,2020.17294934428,2020.17484934428,141600000,NA
264,225,1.4043715799994e-05,50.6898469648622,5.19979136691053,50.6324161672876,5.83245770404515,0.0175439335766,0.0175298898608,2020.17484934428,2020.174863388,141600000,hCoV-19/Belgium/GS-030549/2020|EPI_ISL_418798|2020-03-05|Europe
264,224,1.4043715799994e-05,50.6898469648622,5.19979136691053,50.6898347768833,5.19982646460323,0.0175439335766,0.0175298898608,2020.17484934428,2020.174863388,141600000,hCoV-19/Belgium/GOF-030578/2020|EPI_ISL_420334|2020-03-05|Europe
265,226,1.4043715799994e-05,50.6898469648622,5.19979136691053,50.6334414355286,5.8487311763691,0.0175439335766,0.0175298898608,2020.17484934428,2020.174863388,141600000,hCoV-19/Belgium/ULG-3163/2020|EPI_ISL_417006|2020-03-05|Europe
265,266,0.03085,50.6898469648622,5.19979136691053,50.6483891963857,5.59298408925548,0.0483798898608,0.0175298898608,2020.17484934428,2020.20569934428,141600000,NA
266,268,0.03264,50.6483891963857,5.59298408925548,50.5931337869128,5.53927571488841,0.0810198898608,0.0483798898608,2020.20569934428,2020.23833934428,141600000,NA
268,229,0.01575901639,50.5931337869128,5.53927571488841,50.592658776508,5.54190519652195,0.0967789062508,0.0810198898608,2020.23833934428,2020.25409836067,141600000,hCoV-19/Belgium/ULG-10079/2020|EPI_ISL_424639|2020-04-03|Europe
270,271,0.03247420878,50.6349531664511,5.68336547091485,50.6335867091698,5.69187503798051,0.0332198898642,0.000745681084199978,2020.15806513551,2020.19053934429,141600000,NA
270,287,1.42087765900301e-05,50.6349531664511,5.68336547091485,50.6342285979754,5.6840767015621,0.000759889860790008,0.000745681084199978,2020.15806513551,2020.15807934428,141600000,NA
271,272,0.01619854176,50.6335867091698,5.69187503798051,50.6320889820521,5.69250372755505,0.0494184316242,0.0332198898642,2020.19053934429,2020.20673788605,141600000,NA
272,273,1.14582410399855e-05,50.6320889820521,5.69250372755505,50.6320541982311,5.69264130025933,0.04942988986524,0.0494184316242,2020.20673788605,2020.20674934429,141600000,NA
272,274,0.00636145824099998,50.6320889820521,5.69250372755505,50.6314212415442,5.69181063571811,0.0557798898652,0.0494184316242,2020.20673788605,2020.21309934429,141600000,NA
273,232,0.1457096721,50.6320541982311,5.69264130025933,50.6222026846456,5.60078348414341,0.19513956196524,0.04942988986524,2020.20674934429,2020.35245901639,141600000,hCoV-19/Belgium/ULG-10183/2020|EPI_ISL_455971|2020-05-09|Europe
274,235,0.04099901639,50.6314212415442,5.69181063571811,50.4761143722865,5.60643343204028,0.0967789062552,0.0557798898652,2020.21309934429,2020.25409836068,141600000,hCoV-19/Belgium/ULG-10065/2020|EPI_ISL_424635|2020-04-03
274,234,1.54098360199972e-05,50.6314212415442,5.69181063571811,50.6318186480099,5.69131382536945,0.05579529970122,0.0557798898652,2020.21309934429,2020.21311475412,141600000,hCoV-19/Belgium/ULG-8808/2020|EPI_ISL_418644|2020-03-19|Europe
287,250,0.06869661202,50.6342285979754,5.6840767015621,50.6173124720209,5.94928966575914,0.06945650188079,0.000759889860790008,2020.15807934428,2020.2267759563,141600000,hCoV-19/Belgium/ULG-0532/2020|EPI_ISL_447132|2020-03-24|Europe
297,288,6.44808751600057e-06,50.5528799172851,5.66572151536741,50.5521987032648,5.66634178147977,6.44808751600057e-06,0,2020.20217934426,2020.20218579235,141600000,hCoV-19/Belgium/ULG-6939/2020|EPI_ISL_417020|2020-03-15|Europe
297,298,0.00906,50.5528799172851,5.66572151536741,50.5842214551283,5.56221441099835,0.00906,0,2020.20217934426,2020.21123934426,141600000,NA
298,301,0.00187,50.5842214551283,5.56221441099835,50.6260346896787,5.57171699858552,0.01093,0.00906,2020.21123934426,2020.21310934426,141600000,NA
298,299,0.0054,50.5842214551283,5.56221441099835,50.5885348449869,5.55047553243248,0.01446,0.00906,2020.21123934426,2020.21663934426,141600000,NA
299,300,0.00132898136700001,50.5885348449869,5.55047553243248,50.5924374859568,5.54871837653151,0.015788981367,0.01446,2020.21663934426,2020.21796832563,141600000,NA
299,289,0.02653005464,50.5885348449869,5.55047553243248,50.4720336267995,5.90752991244898,0.04099005464,0.01446,2020.21663934426,2020.2431693989,141600000,hCoV-19/Belgium/ULG-10016/2020|EPI_ISL_421194|2020-03-30|Europe
300,290,0.00061090934279999,50.5924374859568,5.54871837653151,50.5926893084128,5.54763835285987,0.0163998907098,0.015788981367,2020.21796832563,2020.21857923497,141600000,hCoV-19/Belgium/ULG-9572/2020|EPI_ISL_418646|2020-03-21|Europe
300,291,0.00334314978,50.5924374859568,5.54871837653151,50.5652688509715,5.54798852432916,0.019132131147,0.015788981367,2020.21796832563,2020.22131147541,141600000,hCoV-19/Belgium/ULG-9751/2020|EPI_ISL_418666|2020-03-22|Europe
301,292,5.40983602100031e-06,50.6260346896787,5.57171699858552,50.6259742992188,5.57195818050627,0.010935409836021,0.01093,2020.21310934426,2020.2131147541,141600000,hCoV-19/Belgium/ULG-8541/2020|EPI_ISL_418636|2020-03-19|Europe
301,302,0.01784,50.6260346896787,5.57171699858552,50.6552199862289,5.59381991211893,0.02877,0.01093,2020.21310934426,2020.23094934426,141600000,NA
302,303,0.009781017819,50.6552199862289,5.59381991211893,50.6943873610238,5.44325692173167,0.038551017819,0.02877,2020.23094934426,2020.24073036208,141600000,NA
302,293,0.06413262295,50.6552199862289,5.59381991211893,50.4956424011987,5.45187338154484,0.09290262295,0.02877,2020.23094934426,2020.29508196721,141600000,hCoV-19/Belgium/ULG-10153/2020|EPI_ISL_447149|2020-04-18|Europe
303,294,0.002439036826,50.6943873610238,5.44325692173167,50.6847288137272,5.45297064350874,0.040990054645,0.038551017819,2020.24073036208,2020.24316939891,141600000,hCoV-19/Belgium/ULG-10036/2020|EPI_ISL_427344|2020-03-30|Europe
303,304,0.000218982181199999,50.6943873610238,5.44325692173167,50.6852126162537,5.44309517750103,0.0387700000002,0.038551017819,2020.24073036208,2020.24094934426,141600000,NA
304,296,0.01314901639,50.6852126162537,5.44309517750103,50.6779322409774,5.43541499373705,0.0519190163902,0.0387700000002,2020.24094934426,2020.25409836065,141600000,hCoV-19/Belgium/ULG-10078/2020|EPI_ISL_424637|2020-04-03|Europe
337,336,0.06674262295,50.5013214521377,5.7226969908254,50.4989421146234,5.71329051096566,0.06674262295,0,2020.22833934426,2020.29508196721,141600000,hCoV-19/Belgium/ULG-10150/2020|EPI_ISL_447147|2020-04-18|Europe
355,352,0.02206897419,50.6105625780017,5.46486102645579,50.610361850179,5.38970582397521,0.02206897419,0,2020.46153758319,2020.48360655738,141600000,hCoV-19/Belgium/ULG-10239/2020|EPI_ISL_498145|2020-06-26
355,356,0.0001917610788,50.6105625780017,5.46486102645579,50.605082053878,5.47758440995701,0.0001917610788,0,2020.46153758319,2020.46172934427,141600000,NA
356,353,1.92896174599985e-05,50.605082053878,5.47758440995701,50.6051504042646,5.47779359731144,0.000211050696259998,0.0001917610788,2020.46172934427,2020.46174863389,141600000,hCoV-19/Belgium/ULG-10234/2020|EPI_ISL_498140|2020-06-18|Europe
356,354,0.02187721311,50.605082053878,5.47758440995701,50.6860485908124,5.60011572595514,0.0220689741888,0.0001917610788,2020.46172934427,2020.48360655738,141600000,hCoV-19/Belgium/ULG-10236/2020|EPI_ISL_498142|2020-06-26|Europe
362,363,0.04035,50.627773615461,5.71354459245889,50.6370990793297,5.71330574240762,0.04035,0,2020.6481493443,2020.6884993443,141600000,NA
362,364,0.00117999999999999,50.627773615461,5.71354459245889,50.6277383886727,5.71322210171661,0.00117999999999999,0,2020.6481493443,2020.6493293443,141600000,NA
363,357,0.1202438251,50.6370990793297,5.71330574240762,50.6382946131106,5.70546722478366,0.1605938251,0.04035,2020.6884993443,2020.8087431694,141600000,hCoV-19/Belgium/ULG-10571/2020|EPI_ISL_626281|2020-10-23|Europe
363,358,0.02734765027,50.6370990793297,5.71330574240762,50.5734859753555,5.87800936797176,0.06769765027,0.04035,2020.6884993443,2020.71584699457,141600000,hCoV-19/Belgium/ULG-10744/2020|EPI_ISL_641586|2020-09-19|Europe
364,359,0.02006956284,50.6277383886727,5.71322210171661,50.6398488069894,5.71872127462748,0.02124956284,0.00117999999999999,2020.6493293443,2020.66939890714,141600000,hCoV-19/Belgium/ULG-10605/2020|EPI_ISL_626244|2020-09-02|Europe
372,366,0.05790054645,50.5287734348499,5.457498681279,50.621576096548,5.63053928035363,0.05790054645,0,2020.75903934426,2020.81693989071,141600000,hCoV-19/Belgium/ULG-10680/2020|EPI_ISL_636652|2020-10-26|Europe
372,373,0.02067,50.5287734348499,5.457498681279,50.5237702648765,5.45501274241376,0.02067,0,2020.75903934426,2020.77970934426,141600000,NA
373,367,0.02903382514,50.5237702648765,5.45501274241376,50.549795129899,5.45297487731747,0.04970382514,0.02067,2020.77970934426,2020.8087431694,141600000,hCoV-19/Belgium/ULG-10562/2020|EPI_ISL_626323|2020-10-23|Europe
373,374,0.0249,50.5237702648765,5.45501274241376,50.5255225910293,5.48198855980849,0.04557,0.02067,2020.77970934426,2020.80460934426,141600000,NA
374,375,0.000719999999999998,50.5255225910293,5.48198855980849,50.5231704500936,5.47994067069682,0.04629,0.04557,2020.80460934426,2020.80532934426,141600000,NA
374,368,0.004133825137,50.5255225910293,5.48198855980849,50.6284653405993,5.85410772075234,0.049703825137,0.04557,2020.80460934426,2020.8087431694,141600000,hCoV-19/Belgium/ULG-10557/2020|EPI_ISL_626268|2020-10-23|Europe
375,376,0.000940000000000003,50.5231704500936,5.47994067069682,50.5230915388352,5.48042522672339,0.04723,0.04629,2020.80532934426,2020.80626934426,141600000,NA
375,369,0.003413825137,50.5231704500936,5.47994067069682,50.624476238271,5.59643698053705,0.049703825137,0.04629,2020.80532934426,2020.8087431694,141600000,hCoV-19/Belgium/ULG-10515/2020|EPI_ISL_626331|2020-10-23|Europe
376,370,0.01067054645,50.5230915388352,5.48042522672339,50.5438534344152,5.38232144724287,0.05790054645,0.04723,2020.80626934426,2020.81693989071,141600000,hCoV-19/Belgium/ULG-10714/2020|EPI_ISL_636685|2020-10-26|Europe
376,371,0.01067054645,50.5230915388352,5.48042522672339,50.5712113842007,5.4243337281521,0.05790054645,0.04723,2020.80626934426,2020.81693989071,141600000,hCoV-19/Belgium/ULG-10709/2020|EPI_ISL_636680|2020-10-26|Europe
397,379,0.04973382514,50.5629893004538,5.4895711462905,50.5668979158271,5.33022769793464,0.15877382514,0.10904,2020.75900934426,2020.8087431694,141600000,hCoV-19/Belgium/ULG-10579/2020|EPI_ISL_626324|2020-10-23|Europe
397,380,0.04973382514,50.5629893004538,5.4895711462905,50.5497093317281,5.49900295465256,0.15877382514,0.10904,2020.75900934426,2020.8087431694,141600000,hCoV-19/Belgium/ULG-10561/2020|EPI_ISL_626330|2020-10-23|Europe
434,421,0.01022054645,50.5502975232615,5.80853423980307,50.5233956023885,5.30659978701522,0.14962054645,0.1394,2020.80671934426,2020.81693989071,141600000,hCoV-19/Belgium/ULG-10678/2020|EPI_ISL_636651|2020-10-26|Europe
434,422,0.002023825137,50.5502975232615,5.80853423980307,50.5502758963804,5.80869287580121,0.141423825137,0.1394,2020.80671934426,2020.8087431694,141600000,hCoV-19/Belgium/ULG-10541/2020|EPI_ISL_626299|2020-10-23|Europe
541,542,0.02628,50.601741348489,5.58828862887309,50.6020889502455,5.58809331092541,0.02688,0.000599999999999989,2020.64757934423,2020.67385934423,141600000,NA
541,552,0.0015,50.601741348489,5.58828862887309,50.6016975913086,5.58876942594496,0.00209999999999999,0.000599999999999989,2020.64757934423,2020.64907934423,141600000,NA
542,544,0.02166,50.6020889502455,5.58809331092541,50.601042129823,5.58878552395607,0.04854,0.02688,2020.67385934423,2020.69551934423,141600000,NA
544,449,0.1214205464,50.601042129823,5.58878552395607,50.5319084979423,5.59539968931245,0.1699605464,0.04854,2020.69551934423,2020.81693989063,141600000,hCoV-19/Belgium/ULG-10656/2020|EPI_ISL_636633|2020-10-26|Europe
544,545,0.00219,50.601042129823,5.58878552395607,50.6011791831823,5.58837880597064,0.05073,0.04854,2020.69551934423,2020.69770934423,141600000,NA
545,547,0.00223999999999999,50.6011791831823,5.58837880597064,50.6026342790327,5.58719141536374,0.05297,0.05073,2020.69770934423,2020.69994934423,141600000,NA
545,546,0.10901,50.6011791831823,5.58837880597064,50.5608094441742,5.21190169007679,0.15974,0.05073,2020.69770934423,2020.80671934423,141600000,NA
546,450,0.01022054645,50.5608094441742,5.21190169007679,50.5732579379088,5.21779610741537,0.16996054645,0.15974,2020.80671934423,2020.81693989068,141600000,hCoV-19/Belgium/ULG-10705/2020|EPI_ISL_636677|2020-10-26|Europe
546,451,0.01022054645,50.5608094441742,5.21190169007679,50.5608752768715,5.21228032622584,0.16996054645,0.15974,2020.80671934423,2020.81693989068,141600000,hCoV-19/Belgium/ULG-10713/2020|EPI_ISL_636684|2020-10-26|Europe
547,548,0.08407,50.6026342790327,5.58719141536374,50.6051893258166,5.57453536460088,0.13704,0.05297,2020.69994934423,2020.78401934423,141600000,NA
547,550,0.01291403433,50.6026342790327,5.58719141536374,50.6025281206358,5.58758879092299,0.06588403433,0.05297,2020.69994934423,2020.71286337856,141600000,NA
548,452,0.02745606557,50.6051893258166,5.57453536460088,50.6585892049524,5.41414246970088,0.16449606557,0.13704,2020.78401934423,2020.8114754098,141600000,hCoV-19/Belgium/ULG-10649/2020|EPI_ISL_636627|2020-10-24|Europe
548,549,0.02271,50.6051893258166,5.57453536460088,50.6061499683671,5.58157957075704,0.15975,0.13704,2020.78401934423,2020.80672934423,141600000,NA
549,453,0.01021054645,50.6061499683671,5.58157957075704,50.6064772685808,5.58176115302684,0.16996054645,0.15975,2020.80672934423,2020.81693989068,141600000,hCoV-19/Belgium/ULG-10702/2020|EPI_ISL_636674|2020-10-26|Europe
549,454,0.00201382513699999,50.6061499683671,5.58157957075704,50.598863759483,5.32618492424902,0.161763825137,0.15975,2020.80672934423,2020.80874316937,141600000,hCoV-19/Belgium/ULG-10507/2020|EPI_ISL_626256|2020-10-23|Europe
550,551,0.000555965667000002,50.6025281206358,5.58758879092299,50.60253362321,5.58759523181926,0.066439999997,0.06588403433,2020.71286337856,2020.71341934423,141600000,NA
550,455,0.01118033725,50.6025281206358,5.58758879092299,50.5603275862011,5.43310729170665,0.07706437158,0.06588403433,2020.71286337856,2020.72404371581,141600000,hCoV-19/Belgium/ULG-10470/2020|EPI_ISL_581640|2020-09-22|Europe
551,457,0.00242765027299999,50.60253362321,5.58759523181926,50.5590408153642,5.80726701337188,0.06886765027,0.066439999997,2020.71341934423,2020.7158469945,141600000,hCoV-19/Belgium/ULG-10754/2020|EPI_ISL_641596|2020-09-19|Europe
551,456,0.00242765027299999,50.60253362321,5.58759523181926,50.7190217557044,5.61891756550378,0.06886765027,0.066439999997,2020.71341934423,2020.7158469945,141600000,hCoV-19/Belgium/ULG-10753/2020|EPI_ISL_641595|2020-09-19|Europe
552,595,0.00634000000000001,50.6016975913086,5.58876942594496,50.5938821211277,5.58872115380197,0.00844,0.00209999999999999,2020.64907934423,2020.65541934423,141600000,NA
552,553,0.04180963825,50.6016975913086,5.58876942594496,50.6003365319613,5.58732505238662,0.04390963825,0.00209999999999999,2020.64907934423,2020.69088898248,141600000,NA
553,554,0.000110361750400023,50.6003365319613,5.58732505238662,50.6004166188838,5.58733662726612,0.0440200000004,0.04390963825,2020.69088898248,2020.69099934424,141600000,NA
553,557,0.000110361750400023,50.6003365319613,5.58732505238662,50.6004166188838,5.58733662726612,0.0440200000004,0.04390963825,2020.69088898248,2020.69099934424,141600000,NA
554,556,0.11572,50.6004166188838,5.58733662726612,50.5240211649186,5.55963703674505,0.1597400000004,0.0440200000004,2020.69099934424,2020.80671934424,141600000,NA
554,555,0.11724,50.6004166188838,5.58733662726612,50.6535573970035,5.2441703098875,0.1612600000004,0.0440200000004,2020.69099934424,2020.80823934424,141600000,NA
555,458,0.05788087432,50.6535573970035,5.2441703098875,50.6568110973084,5.26978460868922,0.2191408743204,0.1612600000004,2020.80823934424,2020.86612021856,141600000,hCoV-19/Belgium/ULG-10826/2020|EPI_ISL_661215|2020-11-13|Europe
555,459,0.05788087432,50.6535573970035,5.2441703098875,50.6461786218041,5.22314069461316,0.2191408743204,0.1612600000004,2020.80823934424,2020.86612021856,141600000,hCoV-19/Belgium/ULG-10829/2020|EPI_ISL_661202|2020-11-13|Europe
556,461,0.01022054645,50.5240211649186,5.55963703674505,50.5271827788831,5.55244476937876,0.1699605464504,0.1597400000004,2020.80671934424,2020.81693989069,141600000,hCoV-19/Belgium/ULG-10687/2020|EPI_ISL_636659|2020-10-26|Europe
556,460,0.02934622951,50.5240211649186,5.55963703674505,50.6149560335823,5.71889727916648,0.1890862295104,0.1597400000004,2020.80671934424,2020.83606557374,141600000,hCoV-19/Belgium/ULG-10768/2020|EPI_ISL_644614|2020-11-02|Europe
557,570,0.01604156848,50.6004166188838,5.58733662726612,50.6026866759014,5.58547379550534,0.0600615684804,0.0440200000004,2020.69099934424,2020.70704091272,141600000,NA
557,558,0.00295999999999999,50.6004166188838,5.58733662726612,50.6005803319267,5.58717714823817,0.0469800000004,0.0440200000004,2020.69099934424,2020.69395934424,141600000,NA
558,559,0.03003,50.6005803319267,5.58717714823817,50.5846906636241,5.543587545209,0.0770100000004,0.0469800000004,2020.69395934424,2020.72398934423,141600000,NA
558,564,0.01622,50.6005803319267,5.58717714823817,50.6011070313726,5.58478436761884,0.0632000000004,0.0469800000004,2020.69395934424,2020.71017934424,141600000,NA
559,462,0.0383057377,50.5846906636241,5.543587545209,50.6001269872657,5.53178247107078,0.1153157377004,0.0770100000004,2020.72398934423,2020.76229508194,141600000,hCoV-19/Belgium/ULG-10762/2020|EPI_ISL_641604|2020-10-06|Europe
559,560,0.00211816285399999,50.5846906636241,5.543587545209,50.584595321844,5.54400505177081,0.0791281628544,0.0770100000004,2020.72398934423,2020.72610750709,141600000,NA
560,463,0.000668449167700008,50.584595321844,5.54400505177081,50.5842127185224,5.54394533289761,0.0797966120221,0.0791281628544,2020.72610750709,2020.72677595626,141600000,hCoV-19/Belgium/ULG-10493/2020|EPI_ISL_581655|2020-09-23|Europe
560,561,0.000461837145800004,50.584595321844,5.54400505177081,50.5850046396184,5.54378572564627,0.0795900000002,0.0791281628544,2020.72610750709,2020.72656934423,141600000,NA
561,464,0.08763830601,50.5850046396184,5.54378572564627,50.5818490642895,5.52762361511877,0.1672283060102,0.0795900000002,2020.72656934423,2020.81420765024,141600000,hCoV-19/Belgium/ULG-10628/2020|EPI_ISL_636607|2020-10-25|Europe
561,562,0.00270000000000001,50.5850046396184,5.54378572564627,50.5856298394407,5.54395612685496,0.0822900000002,0.0795900000002,2020.72656934423,2020.72926934423,141600000,NA
562,465,0.002971092896,50.5856298394407,5.54395612685496,50.700319953354,5.64680417678163,0.0852610928962,0.0822900000002,2020.72926934423,2020.73224043713,141600000,hCoV-19/Belgium/ULG-10503/2020|EPI_ISL_581665|2020-09-25|Europe
562,563,0.02974,50.5856298394407,5.54395612685496,50.586227504482,5.54592936548441,0.1120300000002,0.0822900000002,2020.72926934423,2020.75900934423,141600000,NA
563,466,0.04973382514,50.586227504482,5.54592936548441,50.6538634031423,5.57798432088365,0.1617638251402,0.1120300000002,2020.75900934423,2020.80874316937,141600000,hCoV-19/Belgium/ULG-10591/2020|EPI_ISL_626337|2020-10-23|Europe
564,567,0.00289,50.6011070313726,5.58478436761884,50.6019221183341,5.58960213834246,0.0660900000004,0.0632000000004,2020.71017934424,2020.71306934424,141600000,NA
564,565,0.0964301302,50.6011070313726,5.58478436761884,50.6162153343079,5.74622627235457,0.1596301302004,0.0632000000004,2020.71017934424,2020.80660947443,141600000,NA
565,566,0.000109869802399992,50.6162153343079,5.74622627235457,50.6157703443182,5.74644732890408,0.1597400000028,0.1596301302004,2020.80660947443,2020.80671934424,141600000,NA
565,468,0.02399161844,50.6162153343079,5.74622627235457,50.6463230679354,5.65873913659464,0.1836217486404,0.1596301302004,2020.80660947443,2020.83060109287,141600000,hCoV-19/Belgium/ULG-10766/2020|EPI_ISL_644612|2020-10-31|Europe
566,470,0.01022054645,50.6157703443182,5.74644732890408,50.6088327684851,5.75144365301177,0.1699605464528,0.1597400000028,2020.80671934424,2020.81693989069,141600000,hCoV-19/Belgium/ULG-10674/2020|EPI_ISL_636648|2020-10-26|Europe
566,469,0.07032983607,50.6157703443182,5.74644732890408,50.5868486960759,5.9003447068014,0.2300698360728,0.1597400000028,2020.80671934424,2020.87704918031,141600000,hCoV-19/Belgium/ULG-10798/2020|EPI_ISL_661208|2020-11-17|Europe
567,569,0.0103,50.6019221183341,5.58960213834246,50.6024406264257,5.59295064244172,0.0763900000004,0.0660900000004,2020.71306934424,2020.72336934423,141600000,NA
567,568,0.09315,50.6019221183341,5.58960213834246,50.6010377777274,5.54875009148554,0.1592400000004,0.0660900000004,2020.71306934424,2020.80621934423,141600000,NA
568,471,0.06809759563,50.6010377777274,5.54875009148554,50.5843141665741,5.5515586319226,0.2273375956304,0.1592400000004,2020.80621934423,2020.87431693987,141600000,hCoV-19/Belgium/ULG-10782/2020|EPI_ISL_661204|2020-11-16|Europe
568,472,0.06809759563,50.6010377777274,5.54875009148554,50.6003007379645,5.55277975419199,0.2273375956304,0.1592400000004,2020.80621934423,2020.87431693987,141600000,hCoV-19/Belgium/ULG-10796/2020|EPI_ISL_661206|2020-11-16|Europe
569,474,0.006138852459,50.6024406264257,5.59295064244172,50.6001087518383,5.92400273966416,0.0825288524594,0.0763900000004,2020.72336934423,2020.72950819669,141600000,hCoV-19/Belgium/ULG-10501/2020|EPI_ISL_581663|2020-09-24|Europe
569,473,0.00340661202200002,50.6024406264257,5.59295064244172,50.5340400383137,5.32340461504636,0.0797966120224,0.0763900000004,2020.72336934423,2020.72677595626,141600000,hCoV-19/Belgium/ULG-10490/2020|EPI_ISL_581653|2020-09-23|Europe
570,571,0.00195843152300001,50.6026866759014,5.58547379550534,50.6025468966694,5.58483125807743,0.0620200000034,0.0600615684804,2020.70704091272,2020.70899934424,141600000,NA
570,585,0.000108431522999997,50.6026866759014,5.58547379550534,50.602686467814,5.58551801369493,0.0601700000034,0.0600615684804,2020.70704091272,2020.70714934424,141600000,NA
571,572,0.01504,50.6025468966694,5.58483125807743,50.6026725601543,5.58644615313373,0.0770600000034,0.0620200000034,2020.70899934424,2020.72403934424,141600000,NA
571,573,0.000687934469499996,50.6025468966694,5.58483125807743,50.5812265492542,5.4396802349686,0.0627079344729,0.0620200000034,2020.70899934424,2020.70968727871,141600000,NA
572,476,4.37158475297128e-06,50.6026725601543,5.58644615313373,50.6026931995521,5.5864000745534,0.077064371588153,0.0770600000034,2020.72403934424,2020.72404371582,141600000,hCoV-19/Belgium/ULG-10412/2020|EPI_ISL_581579|2020-09-22|Europe
573,477,0.1673619016,50.5812265492542,5.4396802349686,50.5837801915248,5.39567899803617,0.2300698360729,0.0627079344729,2020.70968727871,2020.87704918031,141600000,hCoV-19/Belgium/ULG-10802/2020|EPI_ISL_661209|2020-11-17|Europe
573,574,0.000372065530499982,50.5812265492542,5.4396802349686,50.581344787075,5.43992829440893,0.0630800000034,0.0627079344729,2020.70968727871,2020.71005934424,141600000,NA
574,478,0.1205417486,50.581344787075,5.43992829440893,50.5908616327396,5.44002814295232,0.1836217486034,0.0630800000034,2020.71005934424,2020.83060109284,141600000,hCoV-19/Belgium/ULG-10771/2020|EPI_ISL_644617|2020-10-31|Europe
574,575,0.01151,50.581344787075,5.43992829440893,50.5795443209235,5.43569098220559,0.0745900000034,0.0630800000034,2020.71005934424,2020.72156934424,141600000,NA
575,580,0.07853,50.5795443209235,5.43569098220559,50.5930584972251,5.36422801002639,0.1531200000034,0.0745900000034,2020.72156934424,2020.80009934424,141600000,NA
577,480,0.02497382514,50.5708993638372,5.54756321086051,50.4753942543839,5.48686451985821,0.1617638251404,0.1367900000004,2020.78376934423,2020.80874316938,141600000,hCoV-19/Belgium/ULG-10543/2020|EPI_ISL_626318|2020-10-23|Europe
577,479,0.02497382514,50.5708993638372,5.54756321086051,50.5714297606348,5.5386012866128,0.1617638251404,0.1367900000004,2020.78376934423,2020.80874316938,141600000,hCoV-19/Belgium/ULG-10524/2020|EPI_ISL_626313|2020-10-23|Europe
579,482,0.003413825137,50.6379876770082,5.61233544687801,50.706741118196,5.48862018900752,0.16176382514,0.158350000003,2020.80532934424,2020.80874316937,141600000,hCoV-19/Belgium/ULG-10519/2020|EPI_ISL_626293|2020-10-23|Europe
579,483,0.003413825137,50.6379876770082,5.61233544687801,50.6377581575192,5.61245224472758,0.16176382514,0.158350000003,2020.80532934424,2020.80874316937,141600000,hCoV-19/Belgium/ULG-10583/2020|EPI_ISL_626269|2020-10-23|Europe
580,484,0.06602087432,50.5930584972251,5.36422801002639,50.5939073731734,5.36523387483661,0.2191408743234,0.1531200000034,2020.80009934424,2020.86612021856,141600000,hCoV-19/Belgium/ULG-10828/2020|EPI_ISL_661216|2020-11-13|Europe
580,581,0.00223999999999999,50.5930584972251,5.36422801002639,50.6026342790327,5.58719141536374,0.1553600000034,0.1531200000034,2020.80009934424,2020.80233934424,141600000,NA
581,582,0.00212999999999999,50.6026342790327,5.58719141536374,50.7600375486479,5.59018320361962,0.1574900000034,0.1553600000034,2020.80233934424,2020.80446934424,141600000,NA
581,485,0.07197759563,50.6026342790327,5.58719141536374,50.4520802118672,5.64919037655226,0.2273375956334,0.1553600000034,2020.80233934424,2020.87431693987,141600000,hCoV-19/Belgium/ULG-10792/2020|EPI_ISL_661201|2020-11-16|Europe
582,584,0.00190000000000001,50.7600375486479,5.59018320361962,50.7581677054545,5.59280562500359,0.1593900000034,0.1574900000034,2020.80446934424,2020.80636934424,141600000,NA
582,583,0.000920000000000004,50.7600375486479,5.59018320361962,50.7601628942566,5.59130507409075,0.1584100000034,0.1574900000034,2020.80446934424,2020.80538934424,141600000,NA
583,487,0.003353825137,50.7601628942566,5.59130507409075,50.7558168999649,5.61554566269905,0.1617638251404,0.1584100000034,2020.80538934424,2020.80874316938,141600000,hCoV-19/Belgium/ULG-10552/2020|EPI_ISL_626304|2020-10-23|Europe
583,486,0.003353825137,50.7601628942566,5.59130507409075,50.7277947028649,5.54492137337612,0.1617638251404,0.1584100000034,2020.80538934424,2020.80874316938,141600000,hCoV-19/Belgium/ULG-10560/2020|EPI_ISL_626328|2020-10-23|Europe
584,489,0.01057054645,50.7581677054545,5.59280562500359,50.6346934398037,5.53240965268615,0.1699605464534,0.1593900000034,2020.80636934424,2020.81693989069,141600000,hCoV-19/Belgium/ULG-10642/2020|EPI_ISL_636620|2020-10-26|Europe
584,488,0.00237382513699999,50.7581677054545,5.59280562500359,50.7586551920891,5.59328150895066,0.1617638251404,0.1593900000034,2020.80636934424,2020.80874316938,141600000,hCoV-19/Belgium/ULG-10581/2020|EPI_ISL_626339|2020-10-23|Europe
585,490,0.1015938251,50.602686467814,5.58551801369493,50.6400073927487,5.58626827132511,0.1617638251034,0.0601700000034,2020.70714934424,2020.80874316934,141600000,hCoV-19/Belgium/ULG-10576/2020|EPI_ISL_626267|2020-10-23|Europe
585,586,0.01839993453,50.602686467814,5.58551801369493,50.6009397499566,5.5864947961487,0.0785699345334,0.0601700000034,2020.70714934424,2020.72554927877,141600000,NA
586,590,0.00056795890450001,50.6009397499566,5.5864947961487,50.6010987416983,5.58717407416158,0.0791378934379,0.0785699345334,2020.72554927877,2020.72611723767,141600000,NA
586,587,0.000890065470899981,50.6009397499566,5.5864947961487,50.5988503781983,5.58613487183875,0.0794600000043,0.0785699345334,2020.72554927877,2020.72643934424,141600000,NA
587,491,0.08230382514,50.5988503781983,5.58613487183875,50.5989878789255,5.59587780846607,0.1617638251443,0.0794600000043,2020.72643934424,2020.80874316938,141600000,hCoV-19/Belgium/ULG-10547/2020|EPI_ISL_626305|2020-10-23|Europe
587,588,0.03524,50.5988503781983,5.58613487183875,50.5969633071366,5.59105255925486,0.1147000000043,0.0794600000043,2020.72643934424,2020.76167934424,141600000,NA
588,492,0.05526054645,50.5969633071366,5.59105255925486,50.6350614581141,5.66430390553954,0.1699605464543,0.1147000000043,2020.76167934424,2020.81693989069,141600000,hCoV-19/Belgium/ULG-10682/2020|EPI_ISL_636654|2020-10-26|Europe
588,589,0.04402,50.5969633071366,5.59105255925486,50.6868961526398,5.63670715902965,0.1587200000043,0.1147000000043,2020.76167934424,2020.80569934424,141600000,NA
589,494,0.07134983607,50.6868961526398,5.63670715902965,50.4319077203795,5.85944956528266,0.2300698360743,0.1587200000043,2020.80569934424,2020.87704918031,141600000,hCoV-19/Belgium/ULG-10809/2020|EPI_ISL_661211|2020-11-17|Europe
589,493,0.00304382513699999,50.6868961526398,5.63670715902965,50.6870227687437,5.63614244393723,0.1617638251413,0.1587200000043,2020.80569934424,2020.80874316938,141600000,hCoV-19/Belgium/ULG-10528/2020|EPI_ISL_626288|2020-10-23|Europe
590,594,0.000322106566399971,50.6010987416983,5.58717407416158,50.6010128271311,5.58725248062032,0.0794600000043,0.0791378934379,2020.72611723767,2020.72643934424,141600000,NA
590,591,0.03804210657,50.6010987416983,5.58717407416158,50.6024499592625,5.59325602007028,0.1171800000079,0.0791378934379,2020.72611723767,2020.76415934424,141600000,NA
591,592,0.03025,50.6024499592625,5.59325602007028,50.6014116934437,5.59467245597794,0.1474300000079,0.1171800000079,2020.76415934424,2020.79440934424,141600000,NA
591,593,0.04257,50.6024499592625,5.59325602007028,50.6723372624755,5.56656015457422,0.1597500000079,0.1171800000079,2020.76415934424,2020.80672934424,141600000,NA
592,496,0.01433382514,50.6014116934437,5.59467245597794,50.583799976085,5.59755802681093,0.1617638251479,0.1474300000079,2020.79440934424,2020.80874316938,141600000,hCoV-19/Belgium/ULG-10570/2020|EPI_ISL_626316|2020-10-23|Europe
592,495,0.01433382514,50.6014116934437,5.59467245597794,50.6241091185715,5.6212172889539,0.1617638251479,0.1474300000079,2020.79440934424,2020.80874316938,141600000,hCoV-19/Belgium/ULG-10559/2020|EPI_ISL_626257|2020-10-23|Europe
593,497,0.01021054645,50.6723372624755,5.56656015457422,50.6203418561809,5.38894034583957,0.1699605464579,0.1597500000079,2020.80672934424,2020.81693989069,141600000,hCoV-19/Belgium/ULG-10677/2020|EPI_ISL_636650|2020-10-26|Europe
593,498,0.00201382513699999,50.6723372624755,5.56656015457422,50.6726876831563,5.56652489523105,0.1617638251449,0.1597500000079,2020.80672934424,2020.80874316938,141600000,hCoV-19/Belgium/ULG-10520/2020|EPI_ISL_626263|2020-10-23|Europe
594,500,0.09050054645,50.6010128271311,5.58725248062032,50.4598193968967,5.54107390143193,0.1699605464543,0.0794600000043,2020.72643934424,2020.81693989069,141600000,hCoV-19/Belgium/ULG-10638/2020|EPI_ISL_636616|2020-10-26|Europe
594,499,0.09050054645,50.6010128271311,5.58725248062032,50.5079568974945,5.76450531635781,0.1699605464543,0.0794600000043,2020.72643934424,2020.81693989069,141600000,hCoV-19/Belgium/ULG-10703/2020|EPI_ISL_636675|2020-10-26|Europe
595,596,0.00402,50.5938821211277,5.58872115380197,50.5081691559097,5.30497960140763,0.01246,0.00844,2020.65541934423,2020.65943934423,141600000,NA
596,598,0.00223999999999999,50.5081691559097,5.30497960140763,50.6026342790327,5.58719141536374,0.0147,0.01246,2020.65943934423,2020.66167934423,141600000,NA
596,597,0.0998,50.5081691559097,5.30497960140763,50.5914741137161,5.87139680023687,0.11226,0.01246,2020.65943934423,2020.75923934423,141600000,NA
597,503,0.04950382514,50.5914741137161,5.87139680023687,50.5974911100293,5.86227751270855,0.16176382514,0.11226,2020.75923934423,2020.80874316937,141600000,hCoV-19/Belgium/ULG-10535/2020|EPI_ISL_626314|2020-10-23|Europe
597,502,0.1150775956,50.5914741137161,5.87139680023687,50.6101863342424,5.53922760522263,0.2273375956,0.11226,2020.75923934423,2020.87431693983,141600000,hCoV-19/Belgium/ULG-10786/2020|EPI_ISL_661205|2020-11-16|Europe
598,504,0.002255081967,50.6026342790327,5.58719141536374,50.5829662342794,5.37480427339317,0.016955081967,0.0147,2020.66167934423,2020.6639344262,141600000,hCoV-19/Belgium/ULG-10461/2020|EPI_ISL_581632|2020-08-31|Europe
598,599,0.02873783684,50.6026342790327,5.58719141536374,50.5087043694157,5.30501400952496,0.04343783684,0.0147,2020.66167934423,2020.69041718107,141600000,NA
599,607,2.90898337498846e-06,50.5087043694157,5.30501400952496,50.5087235806719,5.3049981289269,0.043440745823375,0.04343783684,2020.69041718107,2020.69042009006,141600000,NA
599,600,0.02455714769,50.5087043694157,5.30501400952496,50.5105288640253,5.30343237558685,0.06799498453,0.04343783684,2020.69041718107,2020.71497432876,141600000,NA
600,505,0.00087266573780001,50.5105288640253,5.30343237558685,50.5111142185145,5.29862804504819,0.0688676502678,0.06799498453,2020.71497432876,2020.7158469945,141600000,hCoV-19/Belgium/ULG-10750/2020|EPI_ISL_641592|2020-09-19|Europe
600,601,0.004435015465,50.5105288640253,5.30343237558685,50.5071595302035,5.29570865119596,0.072429999995,0.06799498453,2020.71497432876,2020.71940934423,141600000,NA
601,506,0.00736661202200001,50.5071595302035,5.29570865119596,50.4775911144836,5.20552663719886,0.079796612017,0.072429999995,2020.71940934423,2020.72677595625,141600000,hCoV-19/Belgium/ULG-10488/2020|EPI_ISL_581651|2020-09-23|Europe
601,602,0.04261,50.5071595302035,5.29570865119596,50.5111422050864,5.98321317201738,0.115039999995,0.072429999995,2020.71940934423,2020.76201934423,141600000,NA
602,507,0.05492054645,50.5111422050864,5.98321317201738,50.4197845624115,5.9295096395267,0.169960546445,0.115039999995,2020.76201934423,2020.81693989068,141600000,hCoV-19/Belgium/ULG-10693/2020|EPI_ISL_636665|2020-10-26|Europe
602,603,0.0426,50.5111422050864,5.98321317201738,50.5111422050864,5.98321317201738,0.157639999995,0.115039999995,2020.76201934423,2020.80461934423,141600000,NA
603,605,0.000719999999999998,50.5111422050864,5.98321317201738,50.5111301600059,5.98312389618075,0.158359999995,0.157639999995,2020.80461934423,2020.80533934423,141600000,NA
603,604,0.00262000000000001,50.5111422050864,5.98321317201738,50.5108026276686,5.98273291680555,0.160259999995,0.157639999995,2020.80461934423,2020.80723934423,141600000,NA
604,508,0.0206295082,50.5108026276686,5.98273291680555,50.5696562111147,5.62542630029879,0.180889508195,0.160259999995,2020.80723934423,2020.82786885243,141600000,hCoV-19/Belgium/ULG-10780/2020|EPI_ISL_644626|2020-10-30|Europe
604,509,0.00150382513700001,50.5108026276686,5.98273291680555,50.5102300213013,5.98154879791678,0.161763825132,0.160259999995,2020.80723934423,2020.80874316937,141600000,hCoV-19/Belgium/ULG-10534/2020|EPI_ISL_626310|2020-10-23|Europe
605,606,0.000939999999999996,50.5111301600059,5.98312389618075,50.5108105145823,5.98268832849883,0.159299999995,0.158359999995,2020.80533934423,2020.80627934423,141600000,NA
605,510,0.00340382513699999,50.5111301600059,5.98312389618075,50.4231188840546,5.64583303708041,0.161763825132,0.158359999995,2020.80533934423,2020.80874316937,141600000,hCoV-19/Belgium/ULG-10522/2020|EPI_ISL_626287|2020-10-23|Europe
606,512,0.01066054645,50.5108105145823,5.98268832849883,50.4870494125774,5.72759196662723,0.169960546445,0.159299999995,2020.80627934423,2020.81693989068,141600000,hCoV-19/Belgium/ULG-10643/2020|EPI_ISL_636621|2020-10-26|Europe
606,511,0.01066054645,50.5108105145823,5.98268832849883,50.433963725213,5.68401314769798,0.169960546445,0.159299999995,2020.80627934423,2020.81693989068,141600000,hCoV-19/Belgium/ULG-10681/2020|EPI_ISL_636653|2020-10-26|Europe
607,608,0.000409254172000023,50.5087235806719,5.3049981289269,50.5085972670223,5.30509192181555,0.043849999995375,0.043440745823375,2020.69042009006,2020.69082934423,141600000,NA
607,513,0.1183230793,50.5087235806719,5.3049981289269,50.6108136088061,5.67788530420126,0.161763825123375,0.043440745823375,2020.69042009006,2020.80874316936,141600000,hCoV-19/Belgium/ULG-10575/2020|EPI_ISL_626319|2020-10-23|Europe
608,514,0.1862198361,50.5085972670223,5.30509192181555,50.5261065711058,5.12255115084496,0.230069836095375,0.043849999995375,2020.69082934423,2020.87704918033,141600000,hCoV-19/Belgium/ULG-10810/2020|EPI_ISL_661212|2020-11-17|Europe
612,517,0.09588054645,50.65043556865,5.64125294174823,50.5754523369907,5.88653142753425,0.169960546441375,0.074079999991375,2020.72105934423,2020.81693989068,141600000,hCoV-19/Belgium/ULG-10660/2020|EPI_ISL_636637|2020-10-26|Europe
612,613,0.00365000000000001,50.65043556865,5.64125294174823,50.6500427853537,5.64181362415213,0.077729999991375,0.074079999991375,2020.72105934423,2020.72470934423,141600000,NA
613,615,0.01789,50.6500427853537,5.64181362415213,50.6507931291507,5.64009530105032,0.095619999991375,0.077729999991375,2020.72470934423,2020.74259934423,141600000,NA
613,614,0.05907,50.6500427853537,5.64181362415213,50.6068123553701,5.70555512391309,0.136799999991375,0.077729999991375,2020.72470934423,2020.78377934423,141600000,NA
614,519,0.02496382514,50.6068123553701,5.70555512391309,50.5960205333907,5.72900508494623,0.161763825131375,0.136799999991375,2020.78377934423,2020.80874316937,141600000,hCoV-19/Belgium/ULG-10536/2020|EPI_ISL_626284|2020-10-23|Europe
614,518,0.02496382514,50.6068123553701,5.70555512391309,50.6061424081477,5.70473574804094,0.161763825131375,0.136799999991375,2020.78377934423,2020.80874316937,141600000,hCoV-19/Belgium/ULG-10511/2020|EPI_ISL_626285|2020-10-23|Europe
615,616,0.05471,50.6507931291507,5.64009530105032,50.5395408142772,5.19176270015187,0.150329999991375,0.095619999991375,2020.74259934423,2020.79730934423,141600000,NA
615,618,0.01852,50.6507931291507,5.64009530105032,50.6505578998926,5.6398349331269,0.114139999991375,0.095619999991375,2020.74259934423,2020.76111934423,141600000,NA
616,617,0.00942000000000001,50.5395408142772,5.19176270015187,50.5392600568735,5.19118577213797,0.159749999991375,0.150329999991375,2020.79730934423,2020.80672934423,141600000,NA
617,521,0.01021054645,50.5392600568735,5.19118577213797,50.5116252830936,5.1430871328841,0.169960546441375,0.159749999991375,2020.80672934423,2020.81693989068,141600000,hCoV-19/Belgium/ULG-10672/2020|EPI_ISL_636647|2020-10-26|Europe
617,522,0.01021054645,50.5392600568735,5.19118577213797,50.5426262316578,5.19860699977971,0.169960546441375,0.159749999991375,2020.80672934423,2020.81693989068,141600000,hCoV-19/Belgium/ULG-10669/2020|EPI_ISL_636645|2020-10-26|Europe
618,523,0.05308830601,50.6505578998926,5.6398349331269,50.6052369470663,5.63216830412634,0.167228306001375,0.114139999991375,2020.76111934423,2020.81420765024,141600000,hCoV-19/Belgium/ULG-10675/2020|EPI_ISL_636649|2020-10-25|Europe
618,619,0.000399999999999998,50.6505578998926,5.6398349331269,50.6487312916431,5.64018979983279,0.114539999991375,0.114139999991375,2020.76111934423,2020.76151934423,141600000,NA
619,524,0.05542054645,50.6487312916431,5.64018979983279,50.648603076113,5.63779827339603,0.169960546441375,0.114539999991375,2020.76151934423,2020.81693989068,141600000,hCoV-19/Belgium/ULG-10690/2020|EPI_ISL_636662|2020-10-26|Europe
619,620,0.000229999999999994,50.6487312916431,5.64018979983279,50.6493034851912,5.63922562605273,0.114769999991375,0.114539999991375,2020.76151934423,2020.76174934423,141600000,NA
620,621,5e-04,50.6493034851912,5.63922562605273,50.6442526194193,5.63987113049066,0.115269999991375,0.114769999991375,2020.76174934423,2020.76224934423,141600000,NA
620,525,0.05519054645,50.6493034851912,5.63922562605273,50.4776739249835,5.26677310955723,0.169960546441375,0.114769999991375,2020.76174934423,2020.81693989068,141600000,hCoV-19/Belgium/ULG-10698/2020|EPI_ISL_636670|2020-10-26|Europe
621,526,0.05469054645,50.6442526194193,5.63987113049066,50.6453347321011,5.64997219439498,0.169960546441375,0.115269999991375,2020.76224934423,2020.81693989068,141600000,hCoV-19/Belgium/ULG-10684/2020|EPI_ISL_636656|2020-10-26|Europe
621,622,0.01637,50.6442526194193,5.63987113049066,50.6351624064275,5.64345759790166,0.131639999991375,0.115269999991375,2020.76224934423,2020.77861934423,141600000,NA
622,623,0.02625082789,50.6351624064275,5.64345759790166,50.6028912965445,5.48546408336364,0.157890827881375,0.131639999991375,2020.77861934423,2020.80487017212,141600000,NA
622,527,0.04105278689,50.6351624064275,5.64345759790166,50.6845021142542,5.54566572367727,0.172692786881375,0.131639999991375,2020.77861934423,2020.81967213112,141600000,hCoV-19/Belgium/ULG-10683/2020|EPI_ISL_636655|2020-10-27|Europe
623,624,0.000469172113600008,50.6028912965445,5.48546408336364,50.6030145085383,5.48527157467451,0.158359999994975,0.157890827881375,2020.80487017212,2020.80533934423,141600000,NA
623,528,0.00387299725000001,50.6028912965445,5.48546408336364,50.6057380536441,5.4913126929724,0.161763825131375,0.157890827881375,2020.80487017212,2020.80874316937,141600000,hCoV-19/Belgium/ULG-10542/2020|EPI_ISL_626266|2020-10-23|Europe
624,530,0.00340382513699999,50.6030145085383,5.48527157467451,50.6606394342044,5.9718973004101,0.161763825131975,0.158359999994975,2020.80533934423,2020.80874316937,141600000,hCoV-19/Belgium/ULG-10588/2020|EPI_ISL_626338|2020-10-23|Europe
624,529,0.00340382513699999,50.6030145085383,5.48527157467451,50.5373797487323,5.51004176756938,0.161763825131975,0.158359999994975,2020.80533934423,2020.80874316937,141600000,hCoV-19/Belgium/ULG-10546/2020|EPI_ISL_626290|2020-10-23|Europe
630,536,0.01110054645,50.4157925125327,5.3106987298029,50.4194638553652,5.31058044086923,0.169960546443175,0.158859999993175,2020.80583934423,2020.81693989068,141600000,hCoV-19/Belgium/ULG-10701/2020|EPI_ISL_636673|2020-10-26|Europe
630,537,0.02476174863,50.4157925125327,5.3106987298029,50.4785941127269,5.32345457535516,0.183621748623175,0.158859999993175,2020.80583934423,2020.83060109286,141600000,hCoV-19/Belgium/ULG-10777/2020|EPI_ISL_644623|2020-10-31|Europe
681,682,0.000530029006999999,50.6534870963272,5.6041465498051,50.6759742542791,5.5439927429511,0.000530029006999999,0,2020.19622400278,2020.19675403179,141600000,NA
681,723,0.000996183871700002,50.6534870963272,5.6041465498051,50.652674789538,5.60290239379039,0.000996183871700002,0,2020.19622400278,2020.19722018665,141600000,NA
682,689,0.00088531242260001,50.6759742542791,5.5439927429511,50.6849208322712,5.54788062706383,0.00141534142960001,0.000530029006999999,2020.19675403179,2020.19763934421,141600000,NA
682,683,0.00088531242260001,50.6759742542791,5.5439927429511,50.6849208322712,5.54788062706383,0.00141534142960001,0.000530029006999999,2020.19675403179,2020.19763934421,141600000,NA
683,684,0.01857,50.6849208322712,5.54788062706383,50.6837093665554,5.54763704031089,0.0199853414296,0.00141534142960001,2020.19763934421,2020.21620934421,141600000,NA
683,686,0.02913,50.6849208322712,5.54788062706383,50.7527676440658,6.00514171908586,0.0305453414296,0.00141534142960001,2020.19763934421,2020.22676934421,141600000,NA
684,631,0.01056661202,50.6837093665554,5.54763704031089,50.5789676992488,5.94499043662304,0.0305519534496,0.0199853414296,2020.21620934421,2020.22677595623,141600000,hCoV-19/Belgium/ULG-0546/2020|EPI_ISL_447135|2020-03-24|Europe
684,685,0.02628,50.6837093665554,5.54763704031089,50.6810472591208,5.54350165277042,0.0462653414296,0.0199853414296,2020.21620934421,2020.24248934421,141600000,NA
685,633,0.00341229508200003,50.6810472591208,5.54350165277042,50.6813977925693,5.5425120265435,0.0496776365116,0.0462653414296,2020.24248934421,2020.24590163929,141600000,hCoV-19/Belgium/ULG-10012/2020|EPI_ISL_421190|2020-03-31|Europe
685,632,0.01707349727,50.6810472591208,5.54350165277042,50.7003499515904,5.80872640877288,0.0633388386996,0.0462653414296,2020.24248934421,2020.25956284148,141600000,hCoV-19/Belgium/ULG-10054/2020|EPI_ISL_424656|2020-04-05|Europe
686,634,6.61202187898779e-06,50.7527676440658,6.00514171908586,50.7527860404001,6.00513232692239,0.030551953451479,0.0305453414296,2020.22676934421,2020.22677595623,141600000,hCoV-19/Belgium/ULG-0544/2020|EPI_ISL_447134|2020-03-24|Europe
686,687,0.01615379891,50.7527676440658,6.00514171908586,50.6962166696121,5.47332820682178,0.0466991403396,0.0305453414296,2020.22676934421,2020.24292314312,141600000,NA
687,688,0.000236201086900006,50.6962166696121,5.47332820682178,50.5992222641235,5.33101163501662,0.0469353414265,0.0466991403396,2020.24292314312,2020.24315934421,141600000,NA
687,635,0.00024625573180001,50.6962166696121,5.47332820682178,50.6961622627394,5.47327308898091,0.0469453960714,0.0466991403396,2020.24292314312,2020.24316939885,141600000,hCoV-19/Belgium/ULG-10003/2020|EPI_ISL_421183|2020-03-30|Europe
688,636,1.00546448600081e-05,50.5992222641235,5.33101163501662,50.3585030411432,6.35761374137722,0.04694539607136,0.0469353414265,2020.24315934421,2020.24316939885,141600000,hCoV-19/Belgium/ULG-10011/2020|EPI_ISL_421189|2020-03-30|Europe
688,637,1.00546448600081e-05,50.5992222641235,5.33101163501662,50.5992178133917,5.33090203714162,0.04694539607136,0.0469353414265,2020.24315934421,2020.24316939885,141600000,hCoV-19/Belgium/ULG-10009/2020|EPI_ISL_421188|2020-03-30|Europe
689,690,0.00941256379899999,50.6849208322712,5.54788062706383,50.6744924300831,5.53853488170152,0.0108279052286,0.00141534142960001,2020.19763934421,2020.20705190801,141600000,NA
689,694,0.01342,50.6849208322712,5.54788062706383,50.6739408977918,5.54494312721175,0.0148353414296,0.00141534142960001,2020.19763934421,2020.21105934421,141600000,NA
690,693,0.000587436201500008,50.6744924300831,5.53853488170152,50.6653290980807,5.54002480593357,0.0114153414301,0.0108279052286,2020.20705190801,2020.20763934421,141600000,NA
690,691,0.0354374362,50.6744924300831,5.53853488170152,50.637815927005,5.59077814196661,0.0462653414286,0.0108279052286,2020.20705190801,2020.24248934421,141600000,NA
691,638,0.003412295082,50.637815927005,5.59077814196661,50.6404025289946,5.59261799106077,0.0496776365106,0.0462653414286,2020.24248934421,2020.24590163929,141600000,hCoV-19/Belgium/ULG-10035/2020|EPI_ISL_427343|2020-03-31|Europe
691,692,0.05163,50.637815927005,5.59077814196661,50.636593966475,5.56028323144992,0.0978953414286,0.0462653414286,2020.24248934421,2020.29411934421,141600000,NA
692,640,0.000962622950700001,50.636593966475,5.56028323144992,50.6341661835041,5.57887102728331,0.0988579643793,0.0978953414286,2020.29411934421,2020.29508196716,141600000,hCoV-19/Belgium/ULG-10158/2020|EPI_ISL_447153|2020-04-18|Europe
692,639,0.05833967213,50.636593966475,5.56028323144992,50.6388717789026,5.56035505040731,0.1562350135586,0.0978953414286,2020.29411934421,2020.35245901634,141600000,hCoV-19/Belgium/ULG-10176/2020|EPI_ISL_455964|2020-05-09|Europe
693,642,0.05738797814,50.6653290980807,5.54002480593357,50.5990243883446,5.40386214029071,0.0688033195701,0.0114153414301,2020.20763934421,2020.26502732235,141600000,hCoV-19/Belgium/ULG-10117/2020|EPI_ISL_427365|2020-04-07|Europe
693,641,1.09289617699904e-05,50.6653290980807,5.54002480593357,50.6653130773295,5.53997923517653,0.01142627039187,0.0114153414301,2020.20763934421,2020.20765027317,141600000,hCoV-19/Belgium/JBE-0317326/2020|EPI_ISL_462180|2020-03-17|Europe
694,695,0.00816,50.6739408977918,5.54494312721175,50.6536426692439,5.54480904808522,0.0229953414296,0.0148353414296,2020.21105934421,2020.21921934421,141600000,NA
694,702,0.00204000000000001,50.6739408977918,5.54494312721175,50.6604567965946,5.57410962655419,0.0168753414296,0.0148353414296,2020.21105934421,2020.21309934421,141600000,NA
695,696,0.00208,50.6536426692439,5.54480904808522,50.5866601196954,5.54538372276611,0.0250753414296,0.0229953414296,2020.21921934421,2020.22129934421,141600000,NA
695,697,0.01167559913,50.6536426692439,5.54480904808522,50.6530627247954,5.54364992475154,0.0346709405596,0.0229953414296,2020.21921934421,2020.23089494334,141600000,NA
696,643,1.21311476299901e-05,50.5866601196954,5.54538372276611,50.586606273281,5.54558526824674,0.02508747257723,0.0250753414296,2020.22129934421,2020.22131147536,141600000,hCoV-19/Belgium/ULG-9694/2020|EPI_ISL_418654|2020-03-22|Europe
697,699,0.000444400874299977,50.6530627247954,5.54364992475154,50.6533796405899,5.54396971376676,0.0351153414339,0.0346709405596,2020.23089494334,2020.23133934421,141600000,NA
697,698,0.00956679037799998,50.6530627247954,5.54364992475154,50.6743562670797,5.44916522171914,0.0442377309376,0.0346709405596,2020.23089494334,2020.24046173372,141600000,NA
698,645,0.00270766514199999,50.6743562670797,5.44916522171914,50.6836736476136,5.321019963024,0.0469453960796,0.0442377309376,2020.24046173372,2020.24316939886,141600000,hCoV-19/Belgium/MFM-0330363/2020|EPI_ISL_462217|2020-03-30|Europe
699,700,0.01159,50.6533796405899,5.54396971376676,50.651081649515,5.54452182876422,0.0467053414339,0.0351153414339,2020.23133934421,2020.24292934421,141600000,NA
699,647,0.01183005464,50.6533796405899,5.54396971376676,50.655299581802,5.54149667965425,0.0469453960739,0.0351153414339,2020.23133934421,2020.24316939885,141600000,hCoV-19/Belgium/SAA-0330367/2020|EPI_ISL_462221|2020-03-30|Europe
700,648,0.1259231148,50.651081649515,5.54452182876422,50.6192805090262,5.63445564955296,0.1726284562339,0.0467053414339,2020.24292934421,2020.36885245901,141600000,hCoV-19/Belgium/ULG-10222/2020|EPI_ISL_498128|2020-05-15|Europe
700,701,0.01869,50.651081649515,5.54452182876422,50.651535569898,5.53902281409049,0.0653953414339,0.0467053414339,2020.24292934421,2020.26161934421,141600000,NA
701,649,0.003407978142,50.651535569898,5.53902281409049,50.658515077503,5.54692000136634,0.0688033195759,0.0653953414339,2020.26161934421,2020.26502732235,141600000,hCoV-19/Belgium/ULG-10126/2020|EPI_ISL_427372|2020-04-07|Europe
701,650,0.003407978142,50.651535569898,5.53902281409049,50.6722613589058,5.63374244220812,0.0688033195759,0.0653953414339,2020.26161934421,2020.26502732235,141600000,hCoV-19/Belgium/ULG-10106/2020|EPI_ISL_427357|2020-04-07|Europe
702,651,1.54098360199972e-05,50.6604567965946,5.57410962655419,50.6605129313049,5.57399079523305,0.01689075126562,0.0168753414296,2020.21309934421,2020.21311475404,141600000,hCoV-19/Belgium/ULG-8617/2020|EPI_ISL_418639|2020-03-19|Europe
702,703,0.02969962447,50.6604567965946,5.57410962655419,50.6559843081418,5.57836707926972,0.0465749658996,0.0168753414296,2020.21309934421,2020.24279896868,141600000,NA
703,704,0.000830557438499996,50.6559843081418,5.57836707926972,50.6546725287924,5.62124654075519,0.0474055233381,0.0465749658996,2020.24279896868,2020.24362952612,141600000,NA
703,652,0.003102670611,50.6559843081418,5.57836707926972,50.6316635031463,5.16648647670548,0.0496776365106,0.0465749658996,2020.24279896868,2020.24590163929,141600000,hCoV-19/Belgium/ULG-10026/2020|EPI_ISL_421200|2020-03-31|Europe
704,705,0.000579818090099993,50.6546725287924,5.62124654075519,50.6542053321908,5.62202745457382,0.0479853414282,0.0474055233381,2020.24362952612,2020.24420934421,141600000,NA
704,706,0.02116176492,50.6546725287924,5.62124654075519,50.6547092065677,5.62304301707547,0.0685672882581,0.0474055233381,2020.24362952612,2020.26479129104,141600000,NA
705,654,0.05087262295,50.6542053321908,5.62202745457382,50.6810412509584,5.54318389914972,0.0988579643782,0.0479853414282,2020.24420934421,2020.29508196716,141600000,hCoV-19/Belgium/ULG-10147/2020|EPI_ISL_447144|2020-04-18|Europe
705,653,0.05087262295,50.6542053321908,5.62202745457382,50.6555725736959,5.61764967885761,0.0988579643782,0.0479853414282,2020.24420934421,2020.29508196716,141600000,hCoV-19/Belgium/ULG-10148/2020|EPI_ISL_447145|2020-04-18|Europe
706,708,4.80531728200284e-05,50.6547092065677,5.62304301707547,50.6547167240661,5.62340082017016,0.06861534143092,0.0685672882581,2020.26479129104,2020.26483934421,141600000,NA
706,707,4.80531728200284e-05,50.6547092065677,5.62304301707547,50.6547167240661,5.62340082017016,0.06861534143092,0.0685672882581,2020.26479129104,2020.26483934421,141600000,NA
707,655,0.03024262295,50.6547167240661,5.62340082017016,50.6628415439272,5.65911702563389,0.09885796438092,0.06861534143092,2020.26483934421,2020.29508196716,141600000,hCoV-19/Belgium/ULG-10149/2020|EPI_ISL_447146|2020-04-18|Europe
707,656,0.1258710383,50.6547167240661,5.62340082017016,50.6979417816194,5.61531352467695,0.19448637973092,0.06861534143092,2020.26483934421,2020.39071038251,141600000,hCoV-19/Belgium/ULG-10220/2020|EPI_ISL_484708|2020-05-23
708,710,0.03023,50.6547167240661,5.62340082017016,50.661753896702,5.61559710234432,0.09884534143092,0.06861534143092,2020.26483934421,2020.29506934421,141600000,NA
708,709,0.10673,50.6547167240661,5.62340082017016,50.6731493774803,5.60943087808379,0.17534534143092,0.06861534143092,2020.26483934421,2020.37156934421,141600000,NA
709,658,1.53551911599992e-05,50.6731493774803,5.60943087808379,50.6727368432135,5.60904192408994,0.17536069662208,0.17534534143092,2020.37156934421,2020.3715846994,141600000,hCoV-19/Belgium/ULG-10229/2020|EPI_ISL_498135|2020-05-16|Europe
709,657,0.01094431694,50.6731493774803,5.60943087808379,50.6999977789256,5.62418889968163,0.18628965837092,0.17534534143092,2020.37156934421,2020.38251366115,141600000,hCoV-19/Belgium/ULG-10194/2020|EPI_ISL_471429|2020-05-20|Europe
710,659,1.26229507200065e-05,50.661753896702,5.61559710234432,50.6619680916326,5.61567179539206,0.09885796438164,0.09884534143092,2020.29506934421,2020.29508196716,141600000,hCoV-19/Belgium/ULG-10160/2020|EPI_ISL_447155|2020-04-18|Europe
710,711,0.02906242521,50.661753896702,5.61559710234432,50.6641287593217,5.61568421593803,0.12790776664092,0.09884534143092,2020.29506934421,2020.32413176942,141600000,NA
711,712,0.03104757479,50.6641287593217,5.61568421593803,50.7069954547262,5.64685800700011,0.15895534143092,0.12790776664092,2020.32413176942,2020.35517934421,141600000,NA
711,713,0.000127574795000002,50.6641287593217,5.61568421593803,50.6640701793011,5.61545312157119,0.12803534143592,0.12790776664092,2020.32413176942,2020.32425934421,141600000,NA
712,660,1.19125681700138e-05,50.7069954547262,5.64685800700011,50.7070290636833,5.64675365090253,0.15896725399909,0.15895534143092,2020.35517934421,2020.35519125678,141600000,hCoV-19/Belgium/ULG-10184/2020|EPI_ISL_455972|2020-05-10|Europe
712,661,1.19125681700138e-05,50.7069954547262,5.64685800700011,50.5925706320922,5.42940297092657,0.15896725399909,0.15895534143092,2020.35517934421,2020.35519125678,141600000,hCoV-19/Belgium/ULG-10218/2020|EPI_ISL_484706|2020-05-10|Europe
713,662,0.03093191257,50.6640701793011,5.61545312157119,50.6565680377974,5.60926067922312,0.15896725400592,0.12803534143592,2020.32425934421,2020.35519125679,141600000,hCoV-19/Belgium/ULG-10182/2020|EPI_ISL_455970|2020-05-10|Europe
713,714,4.00000000000122e-05,50.6640701793011,5.61545312157119,50.6638898175446,5.61534854575063,0.12807534143592,0.12803534143592,2020.32425934421,2020.32429934421,141600000,NA
714,716,0.02541,50.6638898175446,5.61534854575063,50.7081303642956,5.62209298223763,0.15348534143592,0.12807534143592,2020.32429934421,2020.34970934421,141600000,NA
714,715,0.03088,50.6638898175446,5.61534854575063,50.5458148469617,5.3307118232079,0.15895534143592,0.12807534143592,2020.32429934421,2020.35517934422,141600000,NA
715,664,1.19125681700138e-05,50.5458148469617,5.3307118232079,50.545782939851,5.33070358970441,0.15896725400409,0.15895534143592,2020.35517934422,2020.35519125678,141600000,hCoV-19/Belgium/ULG-10181/2020|EPI_ISL_455969|2020-05-10|Europe
715,663,0.01640535519,50.5458148469617,5.3307118232079,50.6917268791975,5.63482583993542,0.17536069662592,0.15895534143592,2020.35517934422,2020.37158469941,141600000,hCoV-19/Belgium/ULG-10228/2020|EPI_ISL_498134|2020-05-16|Europe
716,665,1.74316939199892e-05,50.7081303642956,5.62209298223763,50.7081815536901,5.62196037920272,0.15350277312984,0.15348534143592,2020.34970934421,2020.34972677591,141600000,hCoV-19/Belgium/ULG-10172/2020|EPI_ISL_455960|2020-05-08|Europe
716,717,0.0167,50.7081303642956,5.62209298223763,50.7146755788513,5.75131956651095,0.17018534143592,0.15348534143592,2020.34970934421,2020.36640934421,141600000,NA
717,718,0.00242000000000001,50.7146755788513,5.75131956651095,50.7138491669928,5.75055381014872,0.17260534143592,0.17018534143592,2020.36640934421,2020.36882934421,141600000,NA
717,719,0.00256000000000001,50.7146755788513,5.75131956651095,50.6921033202461,5.63851727001547,0.17274534143592,0.17018534143592,2020.36640934421,2020.36896934421,141600000,NA
718,667,2.31147540299959e-05,50.7138491669928,5.75055381014872,50.6407426560571,5.82511651698767,0.17262845618995,0.17260534143592,2020.36882934421,2020.36885245897,141600000,hCoV-19/Belgium/ULG-10225/2020|EPI_ISL_498131|2020-05-15|Europe
718,666,2.31147540299959e-05,50.7138491669928,5.75055381014872,50.713927587334,5.75057268051391,0.17262845618995,0.17260534143592,2020.36882934421,2020.36885245897,141600000,hCoV-19/Belgium/ULG-10224/2020|EPI_ISL_498130|2020-05-15|Europe
719,720,0.00259999999999999,50.6921033202461,5.63851727001547,50.6903531132888,5.6392367116707,0.17534534143592,0.17274534143592,2020.36896934421,2020.37156934422,141600000,NA
719,721,0.00259999999999999,50.6921033202461,5.63851727001547,50.6903531132888,5.6392367116707,0.17534534143592,0.17274534143592,2020.36896934421,2020.37156934422,141600000,NA
720,669,1.53551911599992e-05,50.6903531132888,5.6392367116707,50.6631522548713,5.65780782436994,0.17536069662708,0.17534534143592,2020.37156934422,2020.37158469941,141600000,hCoV-19/Belgium/ULG-10230/2020|EPI_ISL_498136|2020-05-16|Europe
720,668,1.53551911599992e-05,50.6903531132888,5.6392367116707,50.6903472215568,5.63927946239094,0.17536069662708,0.17534534143592,2020.37156934422,2020.37158469941,141600000,hCoV-19/Belgium/ULG-10231/2020|EPI_ISL_498137|2020-05-16|Europe
721,670,1.53551911599992e-05,50.6903531132888,5.6392367116707,50.6682639535336,5.61056877265554,0.17536069662708,0.17534534143592,2020.37156934422,2020.37158469941,141600000,hCoV-19/Belgium/ULG-10227/2020|EPI_ISL_498133|2020-05-16|Europe
721,722,0.01639,50.6903531132888,5.6392367116707,50.717385539784,5.59903234389429,0.19173534143592,0.17534534143592,2020.37156934422,2020.38795934422,141600000,NA
722,671,1.87978141399925e-05,50.717385539784,5.59903234389429,50.7174510023572,5.59905292575121,0.19175413925006,0.19173534143592,2020.38795934422,2020.38797814203,141600000,hCoV-19/Belgium/ULG-10199/2020|EPI_ISL_471434|2020-05-22|Europe
722,672,0.00275103825100001,50.717385539784,5.59903234389429,50.6430148317431,5.75867388271489,0.19448637968692,0.19173534143592,2020.38795934422,2020.39071038247,141600000,hCoV-19/Belgium/ULG-10200/2020|EPI_ISL_471435|2020-05-23|Europe
723,724,0.000235011357699988,50.652674789538,5.60290239379039,50.5895370512575,5.55367398296292,0.00123119522939999,0.000996183871700002,2020.19722018665,2020.19745519801,141600000,NA
723,727,0.000386136773700002,50.652674789538,5.60290239379039,50.6525448566449,5.60278491863461,0.0013823206454,0.000996183871700002,2020.19722018665,2020.19760632342,141600000,NA
724,725,0.000184146200200019,50.5895370512575,5.55367398296292,50.5892639471187,5.55387124302049,0.00141534142960001,0.00123119522939999,2020.19745519801,2020.19763934421,141600000,NA
724,726,0.000184146200200019,50.5895370512575,5.55367398296292,50.5892639471187,5.55387124302049,0.00141534142960001,0.00123119522939999,2020.19745519801,2020.19763934421,141600000,NA
725,674,0.02367213115,50.5892639471187,5.55387124302049,50.4510029593543,5.57660558096648,0.0250874725796,0.00141534142960001,2020.19763934421,2020.22131147536,141600000,hCoV-19/Belgium/ULG-9620/2020|EPI_ISL_418650|2020-03-22|Europe
726,675,0.0646557377,50.5892639471187,5.55387124302049,50.5725831687498,5.57756046563584,0.0660710791296,0.00141534142960001,2020.19763934421,2020.26229508191,141600000,hCoV-19/Belgium/ULG-10103/2020|EPI_ISL_427354|2020-04-06|Europe
726,676,0.00181420764999998,50.5892639471187,5.55387124302049,50.5888264240444,5.5533536309887,0.00322954907959999,0.00141534142960001,2020.19763934421,2020.19945355186,141600000,hCoV-19/Belgium/ULG-6732/2020|EPI_ISL_418623|2020-03-14|Europe
727,728,3.30207841600094e-05,50.6525448566449,5.60278491863461,50.6513681990824,5.60434643579177,0.00141534142956001,0.0013823206454,2020.19760632342,2020.19763934421,141600000,NA
727,729,3.30207841600094e-05,50.6525448566449,5.60278491863461,50.6513681990824,5.60434643579177,0.00141534142956001,0.0013823206454,2020.19760632342,2020.19763934421,141600000,NA
728,678,0.05919125683,50.6513681990824,5.60434643579177,50.6295868634916,5.7562593233484,0.06060659825956,0.00141534142956001,2020.19763934421,2020.25683060104,141600000,hCoV-19/Belgium/ULG-10085/2020|EPI_ISL_424645|2020-04-04|Europe
728,677,0.0646557377,50.6513681990824,5.60434643579177,50.6365567503696,5.6491126234352,0.06607107912956,0.00141534142956001,2020.19763934421,2020.26229508191,141600000,hCoV-19/Belgium/ULG-10098/2020|EPI_ISL_427349|2020-04-06|Europe
729,680,0.00181420764999998,50.6513681990824,5.60434643579177,50.652015858914,5.60339842102624,0.00322954907956,0.00141534142956001,2020.19763934421,2020.19945355186,141600000,hCoV-19/Belgium/ULG-6670/2020|EPI_ISL_417018|2020-03-14|Europe
729,679,0.06738797814,50.6513681990824,5.60434643579177,50.5867577489485,5.50034013080967,0.06880331956956,0.00141534142956001,2020.19763934421,2020.26502732235,141600000,hCoV-19/Belgium/ULG-10130/2020|EPI_ISL_427375|2020-04-07|Europe
765,733,0.003887322404,50.5086929124273,5.11900342391627,50.5094336349744,5.11496183936091,0.018874091206,0.014986768802,2020.16277934426,2020.16666666667,141600000,hCoV-19/Belgium/DB-03023/2020|EPI_ISL_416470|2020-03-02|Europe
768,774,7.88204984699947e-05,50.7340762485301,5.73209503497601,50.7340961769974,5.7320194044271,0.02513890747387,0.0250600869754,2020.17285266244,2020.17293148294,141600000,NA
768,769,0.000179660678500004,50.7340762485301,5.73209503497601,50.7340839981984,5.73179471946413,0.0252397476539,0.0250600869754,2020.17285266244,2020.17303232312,141600000,NA
769,770,0.000737021149399997,50.7340839981984,5.73179471946413,50.7352564543628,5.72954717825105,0.0259767688033,0.0252397476539,2020.17303232312,2020.17376934427,141600000,NA
769,771,0.000737021149399997,50.7340839981984,5.73179471946413,50.7352564543628,5.72954717825105,0.0259767688033,0.0252397476539,2020.17303232312,2020.17376934427,141600000,NA
770,735,0.04207765027,50.7352564543628,5.72954717825105,50.6165285995562,6.03954348804934,0.0680544190733,0.0259767688033,2020.17376934427,2020.21584699454,141600000,hCoV-19/Belgium/ULG-8937/2020|EPI_ISL_447122|2020-03-20|Europe
771,772,0.01201,50.7352564543628,5.72954717825105,50.2794500744813,5.82627862811571,0.0379867688033,0.0259767688033,2020.17376934427,2020.18577934427,141600000,NA
772,737,0.05739005464,50.2794500744813,5.82627862811571,50.427966648641,6.26739711982879,0.0953768234433,0.0379867688033,2020.18577934427,2020.24316939891,141600000,hCoV-19/Belgium/ULG-10007/2020|EPI_ISL_421186|2020-03-30|Europe
772,738,1.30054645300082e-05,50.2794500744813,5.82627862811571,50.2795084024139,5.82631235513464,0.03799977426783,0.0379867688033,2020.18577934427,2020.18579234973,141600000,hCoV-19/Belgium/ULG-4163/2020|EPI_ISL_417013|2020-03-09|Europe
774,778,0.00464786132900002,50.7340961769974,5.7320194044271,50.7343929830794,5.73273274798614,0.02978676880287,0.02513890747387,2020.17293148294,2020.17757934427,141600000,NA
774,775,0.000837861329400003,50.7340961769974,5.7320194044271,50.7343487189122,5.73170261261657,0.02597676880327,0.02513890747387,2020.17293148294,2020.17376934427,141600000,NA
775,776,0.02051,50.7343487189122,5.73170261261657,50.6574374596998,5.56648869121519,0.04648676880327,0.02597676880327,2020.17376934427,2020.19427934427,141600000,NA
776,742,0.02703213115,50.6574374596998,5.56648869121519,50.6636019111308,5.55252514223738,0.07351889995327,0.04648676880327,2020.19427934427,2020.22131147542,141600000,hCoV-19/Belgium/ULG-9719/2020|EPI_ISL_418658|2020-03-22
776,777,0.00516,50.6574374596998,5.56648869121519,50.6611065663929,5.5662182502887,0.05164676880327,0.04648676880327,2020.19427934427,2020.19943934427,141600000,NA
777,744,0.04646229508,50.6611065663929,5.5662182502887,50.6513051572267,5.57450678375238,0.09810906388327,0.05164676880327,2020.19943934427,2020.24590163935,141600000,hCoV-19/Belgium/ULG-10034/2020|EPI_ISL_427342|2020-03-31|Europe
777,743,1.42076501599697e-05,50.6611065663929,5.5662182502887,50.6294481142893,6.0500504024829,0.05166097645343,0.05164676880327,2020.19943934427,2020.19945355192,141600000,hCoV-19/Belgium/ULG-6754/2020|EPI_ISL_417019|2020-03-14|Europe
778,779,0.01722,50.7343929830794,5.73273274798614,50.5993233802764,5.68418006240845,0.04700676880287,0.02978676880287,2020.17757934427,2020.19479934427,141600000,NA
778,745,1.62841529299795e-05,50.7343929830794,5.73273274798614,50.7344351939964,5.73265990658757,0.0298030529558,0.02978676880287,2020.17757934427,2020.17759562842,141600000,hCoV-19/Belgium/VHC-030655/2020|EPI_ISL_420449|2020-03-06|Europe
779,746,0.001921967213,50.5993233802764,5.68418006240845,50.5995656166049,5.68343093963971,0.04892873601587,0.04700676880287,2020.19479934427,2020.19672131148,141600000,hCoV-19/Belgium/ULG-6503/2020|EPI_ISL_417016|2020-03-13|Europe
779,780,0.00545999999999999,50.5993233802764,5.68418006240845,50.4685457825215,6.08193652676256,0.05246676880287,0.04700676880287,2020.19479934427,2020.20025934427,141600000,NA
780,747,0.00192644808800002,50.4685457825215,6.08193652676256,50.4681712948844,6.08328194983256,0.05439321689087,0.05246676880287,2020.20025934427,2020.20218579235,141600000,hCoV-19/Belgium/ULG-6972/2020|EPI_ISL_418624|2020-03-15|Europe
780,781,0.0117,50.4685457825215,6.08193652676256,50.4849892907301,6.09726936766372,0.06416676880287,0.05246676880287,2020.20025934427,2020.21195934427,141600000,NA
781,782,0.000650000000000012,50.4849892907301,6.09726936766372,50.4832465646232,6.09841830866765,0.06481676880287,0.06416676880287,2020.21195934427,2020.21260934427,141600000,NA
781,783,0.00803000000000001,50.4849892907301,6.09726936766372,50.4843588533188,6.09683027534862,0.07219676880287,0.06416676880287,2020.21195934427,2020.21998934427,141600000,NA
782,749,0.01143437158,50.4832465646232,6.09841830866765,50.6261398066242,6.01171428691881,0.07625114038287,0.06481676880287,2020.21260934427,2020.22404371585,141600000,hCoV-19/Belgium/ULG-0174/2020|EPI_ISL_447125|2020-03-23|Europe
783,784,0.00194999999999998,50.4843588533188,6.09683027534862,50.4847687281221,6.09709772425739,0.07414676880287,0.07219676880287,2020.21998934427,2020.22193934427,141600000,NA
783,786,0.01042732278,50.4843588533188,6.09683027534862,50.4832103300176,6.09903310124394,0.08262409158287,0.07219676880287,2020.21998934427,2020.23041666705,141600000,NA
784,750,0.00756885245900002,50.4847687281221,6.09709772425739,50.5436596755077,5.23667665099621,0.08171562126187,0.07414676880287,2020.22193934427,2020.22950819672,141600000,hCoV-19/Belgium/DRV-0325157/2020|EPI_ISL_420414|2020-03-25|Europe
784,785,0.00208000000000003,50.4847687281221,6.09709772425739,50.5534436830879,6.15215016909245,0.07622676880287,0.07414676880287,2020.22193934427,2020.22401934427,141600000,NA
785,751,2.43715847499937e-05,50.5534436830879,6.15215016909245,50.5969143814286,6.23070758735269,0.07625114038762,0.07622676880287,2020.22401934427,2020.22404371585,141600000,hCoV-19/Belgium/ULG-0191/2020|EPI_ISL_447131|2020-03-23|Europe
785,752,2.43715847499937e-05,50.5534436830879,6.15215016909245,50.5536394617229,6.15199196722985,0.07625114038762,0.07622676880287,2020.22401934427,2020.22404371585,141600000,hCoV-19/Belgium/ULG-0182/2020|EPI_ISL_447126|2020-03-23|Europe
786,787,0.000322677216299999,50.4832103300176,6.09903310124394,50.4832362359889,6.09800175724595,0.08294676879917,0.08262409158287,2020.23041666705,2020.23073934426,141600000,NA
787,754,0.02882349727,50.4832362359889,6.09800175724595,50.424187766658,5.96952970166556,0.11177026606917,0.08294676879917,2020.23073934426,2020.25956284153,141600000,hCoV-19/Belgium/ULG-10058/2020|EPI_ISL_424653|2020-04-05|Europe
787,788,0.0281557324,50.4832362359889,6.09800175724595,50.4675749588053,5.82534501912084,0.11110250119917,0.08294676879917,2020.23073934426,2020.25889507666,141600000,NA
788,755,0.000667764865599996,50.4675749588053,5.82534501912084,50.4666432902538,5.82578566378768,0.11177026606477,0.11110250119917,2020.25889507666,2020.25956284153,141600000,hCoV-19/Belgium/ULG-10051/2020|EPI_ISL_424660|2020-04-05|Europe
788,789,0.000634267598000005,50.4675749588053,5.82534501912084,50.4681685288345,5.82422475537503,0.11173676879717,0.11110250119917,2020.25889507666,2020.25952934426,141600000,NA
789,756,0.09839415301,50.4681685288345,5.82422475537503,50.6159138792406,5.82710446231659,0.21013092180717,0.11173676879717,2020.25952934426,2020.35792349727,141600000,hCoV-19/Belgium/ULG-10188/2020|EPI_ISL_455976|2020-05-11|Europe
789,757,0.005497978142,50.4681685288345,5.82422475537503,50.4742054294088,5.83810588314624,0.11723474693917,0.11173676879717,2020.25952934426,2020.2650273224,141600000,hCoV-19/Belgium/ULG-10115/2020|EPI_ISL_427364|2020-04-07|Europe
807,808,0.02145,50.6522778583712,5.62689435123808,50.6368938811371,5.61556030459504,0.0734395071316,0.0519895071316,2020.20677934427,2020.22822934427,141600000,NA
807,809,0.00633,50.6522778583712,5.62689435123808,50.654930874902,5.62158091903246,0.0583195071316,0.0519895071316,2020.20677934427,2020.21310934427,141600000,NA
808,794,0.129694153,50.6368938811371,5.61556030459504,50.5509005869225,5.94018135308658,0.2031336601316,0.0734395071316,2020.22822934427,2020.35792349727,141600000,hCoV-19/Belgium/ULG-10189/2020|EPI_ISL_455977|2020-05-11|Europe
808,795,0.02586901639,50.6368938811371,5.61556030459504,50.6321966646105,5.62199948169371,0.0993085235216,0.0734395071316,2020.22822934427,2020.25409836066,141600000,hCoV-19/Belgium/ULG-10084/2020|EPI_ISL_424638|2020-04-03|Europe
809,796,5.40983602098644e-06,50.654930874902,5.62158091903246,50.6549326748432,5.62162276606051,0.058324916967621,0.0583195071316,2020.21310934427,2020.21311475411,141600000,hCoV-19/Belgium/ULG-8664/2020|EPI_ISL_418641|2020-03-19|Europe
809,810,0.02983,50.654930874902,5.62158091903246,50.6523450536689,5.62542025338696,0.0881495071316,0.0583195071316,2020.21310934427,2020.24293934427,141600000,NA
810,797,0.05214262295,50.6523450536689,5.62542025338696,50.5488155373809,5.51546839625577,0.1402921300816,0.0881495071316,2020.24293934427,2020.29508196722,141600000,hCoV-19/Belgium/ULG-10157/2020|EPI_ISL_447142|2020-04-18|Europe
826,827,0.000276323875500001,50.5647307000179,5.50736812882919,50.5684289638547,5.50833318048813,0.1372499999755,0.1369736761,2020.34817302038,2020.34844934426,141600000,NA
827,822,0.03406431694,50.5684289638547,5.50833318048813,50.571775183336,5.49652950422485,0.1713143169155,0.1372499999755,2020.34844934426,2020.3825136612,141600000,hCoV-19/Belgium/ULG-10192/2020|EPI_ISL_471427|2020-05-20|Europe
827,823,0.02313535519,50.5684289638547,5.50833318048813,50.6015633593284,5.4109730110121,0.1603853551655,0.1372499999755,2020.34844934426,2020.37158469945,141600000,hCoV-19/Belgium/ULG-10233/2020|EPI_ISL_498139|2020-05-16|Europe
879,880,0.000148810646800002,50.4997137857203,5.66880183674815,50.4972274695273,5.67203244880744,0.000148810646800002,0,2020.68836053358,2020.68850934423,141600000,NA
879,882,0.000148810646800002,50.4997137857203,5.66880183674815,50.4972274695273,5.67203244880744,0.000148810646800002,0,2020.68836053358,2020.68850934423,141600000,NA
880,870,0.1284305464,50.4972274695273,5.67203244880744,50.6018817455369,5.91367733226531,0.1285793570468,0.000148810646800002,2020.68850934423,2020.81693989063,141600000,hCoV-19/Belgium/ULG-10647/2020|EPI_ISL_636625|2020-10-26|Europe
880,881,0.01527,50.4972274695273,5.67203244880744,50.5100999678808,5.15023010595399,0.0154188106468,0.000148810646800002,2020.68850934423,2020.70377934423,141600000,NA
881,871,0.00933540983599999,50.5100999678808,5.15023010595399,50.5062065994038,5.15073847737314,0.0247542204828,0.0154188106468,2020.70377934423,2020.71311475407,141600000,hCoV-19/Belgium/ULG-10735/2020|EPI_ISL_641577|2020-09-18|Europe
881,872,0.00933540983599999,50.5100999678808,5.15023010595399,50.4771979517796,5.16879273323463,0.0247542204828,0.0154188106468,2020.70377934423,2020.71311475407,141600000,hCoV-19/Belgium/ULG-10732/2020|EPI_ISL_641574|2020-09-18|Europe
882,883,0.00844,50.4972274695273,5.67203244880744,50.5017928458831,5.67447448610558,0.0085888106468,0.000148810646800002,2020.68850934423,2020.69694934423,141600000,NA
882,885,0.00248000000000001,50.4972274695273,5.67203244880744,50.4989212585676,5.66619379601987,0.00262881064680001,0.000148810646800002,2020.68850934423,2020.69098934423,141600000,NA
883,873,0.1363839891,50.5017928458831,5.67447448610558,50.7551548423821,5.93236000738331,0.1449727997468,0.0085888106468,2020.69694934423,2020.83333333333,141600000,hCoV-19/Belgium/ULG-10772/2020|EPI_ISL_644618|2020-11-01|Europe
885,886,0.02485,50.4989212585676,5.66619379601987,50.4891665099323,5.6664023722898,0.0274788106468,0.00262881064680001,2020.69098934423,2020.71583934423,141600000,NA
885,876,0.03578661202,50.4989212585676,5.66619379601987,50.5007841031875,5.66350400268026,0.0384154226668,0.00262881064680001,2020.69098934423,2020.72677595625,141600000,hCoV-19/Belgium/ULG-10478/2020|EPI_ISL_581646|2020-09-23|Europe
886,878,7.65027314700295e-06,50.4891665099323,5.6664023722898,50.6502635684854,5.61094116213453,0.027486460919947,0.0274788106468,2020.71583934423,2020.7158469945,141600000,hCoV-19/Belgium/ULG-10752/2020|EPI_ISL_641594|2020-09-19|Europe
886,877,0.01093661202,50.4891665099323,5.6664023722898,50.4877786214235,5.66414095552038,0.0384154226668,0.0274788106468,2020.71583934423,2020.72677595625,141600000,hCoV-19/Belgium/ULG-10477/2020|EPI_ISL_581585|2020-09-23|Europe
892,887,0.05790087432,50.6479350636927,5.04509662343445,50.6164340959255,5.08132555212416,0.15955598232,0.101655108,2020.80821934426,2020.86612021858,141600000,hCoV-19/Belgium/ULG-10831/2020|EPI_ISL_661249|2020-11-13|Europe
892,888,0.05790087432,50.6479350636927,5.04509662343445,50.6370598254956,5.01275036739418,0.15955598232,0.101655108,2020.80821934426,2020.86612021858,141600000,hCoV-19/Belgium/ULG-10827/2020|EPI_ISL_661247|2020-11-13|Europe
897,898,0.000515600144000011,50.6110017154762,5.59245767286994,50.6092379472548,5.59606239985835,0.000515600144000011,0,2020.72284374409,2020.72335934423,141600000,NA
898,895,0.1536898361,50.6092379472548,5.59606239985835,50.681654635795,5.61084733161859,0.154205436244,0.000515600144000011,2020.72335934423,2020.87704918033,141600000,hCoV-19/Belgium/ULG-10799/2020|EPI_ISL_661229|2020-11-17|Europe
898,896,0.003416612022,50.6092379472548,5.59606239985835,50.5409877091561,5.52774921584446,0.00393221216600001,0.000515600144000011,2020.72335934423,2020.72677595625,141600000,hCoV-19/Belgium/ULG-10495/2020|EPI_ISL_581657|2020-09-23|Europe
912,902,0.01704437158,50.5404106346859,5.83280832587213,50.5280505485925,5.82821567739181,0.17304039074,0.15599601916,2020.70699934426,2020.72404371584,141600000,hCoV-19/Belgium/ULG-10467/2020|EPI_ISL_581637|2020-09-22|Europe
912,913,0.07666,50.5404106346859,5.83280832587213,50.6607812504479,5.65961666499422,0.23265601916,0.15599601916,2020.70699934426,2020.78365934426,141600000,NA
913,914,0.02166,50.6607812504479,5.65961666499422,50.6669151562096,5.67712359920947,0.25431601916,0.23265601916,2020.78365934426,2020.80531934426,141600000,NA
913,903,0.03054830601,50.6607812504479,5.65961666499422,50.6626632781226,5.66469920572024,0.26320432517,0.23265601916,2020.78365934426,2020.81420765027,141600000,hCoV-19/Belgium/ULG-10631/2020|EPI_ISL_636610|2020-10-25|Europe
914,904,0.00342382513700001,50.6669151562096,5.67712359920947,50.6686445119719,5.67846587805533,0.257739844297,0.25431601916,2020.80531934426,2020.8087431694,141600000,hCoV-19/Belgium/ULG-10584/2020|EPI_ISL_626298|2020-10-23|Europe
914,905,0.00342382513700001,50.6669151562096,5.67712359920947,50.6203547591182,5.69385331948715,0.257739844297,0.25431601916,2020.80531934426,2020.8087431694,141600000,hCoV-19/Belgium/ULG-10574/2020|EPI_ISL_626262|2020-10-23|Europe
948,943,0.04673382514,50.5866069329512,5.69970770732115,50.5949570945551,5.70210688331884,0.04673382514,0,2020.76200934426,2020.8087431694,141600000,hCoV-19/Belgium/ULG-10538/2020|EPI_ISL_626326|2020-10-23|Europe
948,949,0.0285,50.5866069329512,5.69970770732115,50.7075818013863,5.49881597675564,0.0285,0,2020.76200934426,2020.79050934426,141600000,NA
949,944,0.01823382514,50.7075818013863,5.49881597675564,50.7106273550518,5.49675247905247,0.04673382514,0.0285,2020.79050934426,2020.8087431694,141600000,hCoV-19/Belgium/ULG-10585/2020|EPI_ISL_626336|2020-10-23|Europe
949,950,0.01486,50.7075818013863,5.49881597675564,50.4857613098862,5.15851600083415,0.04336,0.0285,2020.79050934426,2020.80536934426,141600000,NA
950,945,0.01157054645,50.4857613098862,5.15851600083415,50.4849096179454,5.15688535143733,0.05493054645,0.04336,2020.80536934426,2020.81693989071,141600000,hCoV-19/Belgium/ULG-10706/2020|EPI_ISL_636678|2020-10-26|Europe
950,951,0.01116,50.4857613098862,5.15851600083415,50.4913780868972,5.16604770139192,0.05452,0.04336,2020.80536934426,2020.81652934426,141600000,NA
951,946,0.06051983607,50.4913780868972,5.16604770139192,50.4885521950231,5.16146457764403,0.11503983607,0.05452,2020.81652934426,2020.87704918033,141600000,hCoV-19/Belgium/ULG-10811/2020|EPI_ISL_661236|2020-11-17|Europe
951,947,0.000410546448000003,50.4913780868972,5.16604770139192,50.4921732519318,5.16794293004555,0.054930546448,0.05452,2020.81652934426,2020.81693989071,141600000,hCoV-19/Belgium/ULG-10712/2020|EPI_ISL_636683|2020-10-26|Europe
967,970,0.00657400038399999,50.5866388746034,5.43587890431699,50.6328854371403,5.46715648039965,0.00657400038399999,0,2020.20580934427,2020.21238334465,141600000,NA
967,968,0.05374,50.5866388746034,5.43587890431699,50.5936442494763,5.46275935838452,0.05374,0,2020.20580934427,2020.25954934427,141600000,NA
968,959,1.34972676199829e-05,50.5936442494763,5.46275935838452,50.5936158402626,5.46276526252322,0.05375349726762,0.05374,2020.25954934427,2020.25956284153,141600000,hCoV-19/Belgium/ULG-10063/2020|EPI_ISL_424665|2020-04-05|Europe
968,969,0.00273,50.5936442494763,5.46275935838452,50.5906399473301,5.48989723736843,0.05647,0.05374,2020.25954934427,2020.26227934427,141600000,NA
969,961,1.57377049700008e-05,50.5906399473301,5.48989723736843,50.5905262039647,5.48978039343556,0.05648573770497,0.05647,2020.26227934427,2020.26229508197,141600000,hCoV-19/Belgium/ULG-10108/2020|EPI_ISL_427359|2020-04-06|Europe
969,960,1.57377049700008e-05,50.5906399473301,5.48989723736843,50.5658761951875,5.52462052163288,0.05648573770497,0.05647,2020.26227934427,2020.26229508197,141600000,hCoV-19/Belgium/ULG-10107/2020|EPI_ISL_427358|2020-04-06|Europe
970,971,0.05760599962,50.6328854371403,5.46715648039965,50.7119562296308,5.61647326711575,0.064180000004,0.00657400038399999,2020.21238334465,2020.26998934427,141600000,NA
970,973,0.000715999615500007,50.6328854371403,5.46715648039965,50.6269751824143,5.47921068856783,0.0072899999995,0.00657400038399999,2020.21238334465,2020.21309934427,141600000,NA
971,962,0.02509262295,50.7119562296308,5.61647326711575,50.7064722984233,5.61034980714756,0.089272622954,0.064180000004,2020.26998934427,2020.29508196722,141600000,hCoV-19/Belgium/ULG-10155/2020|EPI_ISL_447151|2020-04-18|Europe
971,972,0.02507,50.7119562296308,5.61647326711575,50.7046709654751,5.64123455125133,0.089250000004,0.064180000004,2020.26998934427,2020.29505934427,141600000,NA
972,963,0.07379311475,50.7046709654751,5.64123455125133,50.6899432108344,5.5988590746091,0.163043114754,0.089250000004,2020.29505934427,2020.36885245902,141600000,hCoV-19/Belgium/ULG-10208/2020|EPI_ISL_484697|2020-05-15|Europe
972,964,2.26229507200026e-05,50.7046709654751,5.64123455125133,50.70437927486,5.64161752094807,0.08927262295472,0.089250000004,2020.29505934427,2020.29508196722,141600000,hCoV-19/Belgium/ULG-10156/2020|EPI_ISL_447152|2020-04-18|Europe
973,965,1.54098360199972e-05,50.6269751824143,5.47921068856783,50.6237354369248,5.48200599524228,0.00730540983552,0.0072899999995,2020.21309934427,2020.2131147541,141600000,hCoV-19/Belgium/ULG-8634/2020|EPI_ISL_418640|2020-03-19|Europe
973,966,0.03280229508,50.6269751824143,5.47921068856783,50.626728533777,5.93112464463533,0.0400922950795,0.0072899999995,2020.21309934427,2020.24590163935,141600000,hCoV-19/Belgium/ULG-10031/2020|EPI_ISL_421205|2020-03-31|Europe
1499,981,0.01406092896,50.5503494723984,5.41525892188282,50.6882055988325,5.56122952235386,0.0482281640936,0.0341672351336,2020.1935893443,2020.20765027326,141600000,hCoV-19/Belgium/HMM-0317327/2020|EPI_ISL_462181|2020-03-17|Europe
1499,982,0.06324125683,50.5503494723984,5.41525892188282,50.5505640152868,5.41349100089964,0.0974084919636,0.0341672351336,2020.1935893443,2020.25683060113,141600000,hCoV-19/Belgium/ULG-10092/2020|EPI_ISL_424647|2020-04-04|Europe
1502,986,1.54098360199972e-05,50.6689809316462,5.66540583523566,50.6689899897906,5.66538754530439,0.05369264496962,0.0536772351336,2020.2130993443,2020.21311475414,141600000,hCoV-19/Belgium/OT-0319109/2020|EPI_ISL_420365|2020-03-19|Europe
1515,999,0.0196434972699999,50.5060013236196,5.89515442881571,50.506157633489,5.89467696478569,0.1001407324035,0.0804972351335,2020.2399193443,2020.25956284157,141600000,hCoV-19/Belgium/ULG-10056/2020|EPI_ISL_424655|2020-04-05|Europe
1515,1516,0.00268999999999997,50.5060013236196,5.89515442881571,50.5058078908344,5.8951333132794,0.0831872351335,0.0804972351335,2020.2399193443,2020.2426093443,141600000,NA
1516,1000,0.05520486339,50.5058078908344,5.8951333132794,50.627104404552,5.93086504126409,0.1383920985235,0.0831872351335,2020.2426093443,2020.29781420769,141600000,hCoV-19/Belgium/ULG-10163/2020|EPI_ISL_447157|2020-04-19|Europe
1516,1517,0.01115,50.5058078908344,5.8951333132794,50.5259262046648,6.00335477337343,0.0943372351335,0.0831872351335,2020.2426093443,2020.2537593443,141600000,NA
1517,1518,0.0105799999999999,50.5259262046648,6.00335477337343,50.5132145808547,5.82607703776254,0.1049172351335,0.0943372351335,2020.2537593443,2020.2643393443,141600000,NA
1517,1001,0.000339016393399949,50.5259262046648,6.00335477337343,50.5256878318114,6.00343622361138,0.0946762515269,0.0943372351335,2020.2537593443,2020.25409836069,141600000,hCoV-19/Belgium/ULG-10069/2020|EPI_ISL_424633|2020-04-03|Europe
1518,1002,0.0034202185790001,50.5132145808547,5.82607703776254,50.5133013788231,5.82604230623411,0.1083374537125,0.1049172351335,2020.2643393443,2020.26775956288,141600000,hCoV-19/Belgium/ULG-10137/2020|EPI_ISL_427382|2020-04-08|Europe
1518,1003,0.000687978142100087,50.5132145808547,5.82607703776254,50.5733177284077,5.84764633151308,0.1056052132756,0.1049172351335,2020.2643393443,2020.26502732244,141600000,hCoV-19/Belgium/ULG-10111/2020|EPI_ISL_427361|2020-04-07|Europe
1523,1524,0.0132,50.608670322837,5.57942068448395,50.6094298114854,5.57988147924292,0.0852872351335,0.0720872351335,2020.2315093443,2020.2447093443,141600000,NA
1523,1525,0.0108999999999999,50.608670322837,5.57942068448395,50.6084825524521,5.57892379277439,0.0829872351334999,0.0720872351335,2020.2315093443,2020.2424093443,141600000,NA
1525,1009,0.1045851913,50.6084825524521,5.57892379277439,50.6080921703861,5.57813478617707,0.1875724264335,0.0829872351334999,2020.2424093443,2020.3469945356,141600000,hCoV-19/Belgium/ULG-10206/2020|EPI_ISL_484695|2020-05-07|Europe
1525,1526,0.11277,50.6084825524521,5.57892379277439,50.5098268895188,5.55269618333793,0.1957572351335,0.0829872351334999,2020.2424093443,2020.3551793443,141600000,NA
1526,1010,0.02186983607,50.5098268895188,5.55269618333793,50.5287253847467,5.54515551000329,0.2176270712035,0.1957572351335,2020.3551793443,2020.37704918037,141600000,hCoV-19/Belgium/ULG-10195/2020|EPI_ISL_471430|2020-05-18|Europe
1526,1011,1.19125681700138e-05,50.5098268895188,5.55269618333793,50.5097871384761,5.55258380988086,0.19576914770167,0.1957572351335,2020.3551793443,2020.35519125687,141600000,hCoV-19/Belgium/ULG-10190/2020|EPI_ISL_455978|2020-05-10|Europe
1531,1532,0.0235000000000001,50.6361697844338,5.39471549264848,50.6361239521104,5.39471931909246,0.05313723513374,0.0296372351337399,2020.1890593443,2020.2125593443,141600000,NA
1531,1535,0.0112000000000001,50.6361697844338,5.39471549264848,50.6247079548317,5.40575961502456,0.04083723513374,0.0296372351337399,2020.1890593443,2020.2002593443,141600000,NA
1532,1014,0.04427125683,50.6361239521104,5.39471931909246,50.631226478836,5.35645678144991,0.09740849196374,0.05313723513374,2020.2125593443,2020.25683060113,141600000,hCoV-19/Belgium/ULG-10077/2020|EPI_ISL_424642|2020-04-04|Europe
1532,1533,0.01147,50.6361239521104,5.39471931909246,50.7239482032754,5.9115071170541,0.06460723513374,0.05313723513374,2020.2125593443,2020.2240293443,141600000,NA
1533,1534,0.01602,50.7239482032754,5.9115071170541,50.6897056201326,5.68647882921115,0.08062723513374,0.06460723513374,2020.2240293443,2020.2400493443,141600000,NA
1533,1015,1.43715847499282e-05,50.7239482032754,5.9115071170541,50.7239392916772,5.91150030470546,0.0646216067184899,0.06460723513374,2020.2240293443,2020.22404371589,141600000,hCoV-19/Belgium/ULG-0189/2020|EPI_ISL_447129|2020-03-23|Europe
1534,1017,0.0249779781399999,50.6897056201326,5.68647882921115,50.6888574198144,5.68799956487013,0.10560521327374,0.08062723513374,2020.2400493443,2020.26502732244,141600000,hCoV-19/Belgium/ULG-10100/2020|EPI_ISL_427351|2020-04-07|Europe
1534,1016,0.01404901639,50.6897056201326,5.68647882921115,50.5906901223504,5.66395972456716,0.09467625152374,0.08062723513374,2020.2400493443,2020.25409836069,141600000,hCoV-19/Belgium/ULG-10081/2020|EPI_ISL_424640|2020-04-03|Europe
1535,1536,0.00946999999999998,50.6247079548317,5.40575961502456,50.5800451972742,5.60593027910019,0.05030723513374,0.04083723513374,2020.2002593443,2020.2097293443,141600000,NA
1535,1018,0.01558765027,50.6247079548317,5.40575961502456,50.618687100371,5.42356152036795,0.05642488540374,0.04083723513374,2020.2002593443,2020.21584699457,141600000,hCoV-19/Belgium/ULG-10216/2020|EPI_ISL_484704|2020-03-20|Europe
1536,1537,0.01156,50.5800451972742,5.60593027910019,50.5869077558,5.61596111260385,0.06186723513374,0.05030723513374,2020.2097293443,2020.2212893443,141600000,NA
1537,1020,2.21311476299446e-05,50.5869077558,5.61596111260385,50.5881731003598,5.61420742796655,0.06188936628137,0.06186723513374,2020.2212893443,2020.22131147545,141600000,hCoV-19/Belgium/ULG-9716/2020|EPI_ISL_418657|2020-03-22|Europe
1537,1019,0.1257051913,50.5869077558,5.61596111260385,50.4846785828628,5.58245458135348,0.18757242643374,0.06186723513374,2020.2212893443,2020.3469945356,141600000,hCoV-19/Belgium/ULG-10204/2020|EPI_ISL_484693|2020-05-07|Europe
1539,1022,0.02461005464,50.6530954655871,5.64403988149671,50.6216554149997,5.6448864585986,0.08374728977404,0.05913723513404,2020.2185593443,2020.24316939894,141600000,hCoV-19/Belgium/ULG-10040/2020|EPI_ISL_421208|2020-03-30|Europe
1539,1021,0.04100349727,50.6530954655871,5.64403988149671,50.6573747812294,5.58271387154955,0.10014073240404,0.05913723513404,2020.2185593443,2020.25956284157,141600000,hCoV-19/Belgium/ULG-10060/2020|EPI_ISL_424663|2020-04-05|Europe
1540,1023,0.02461005464,50.6530954655871,5.64403988149671,50.5835018516059,5.35580928516801,0.08374728977404,0.05913723513404,2020.2185593443,2020.24316939894,141600000,hCoV-19/Belgium/ULG-10008/2020|EPI_ISL_421187|2020-03-30|Europe
1542,1543,0.000387688828900057,50.6065075160034,5.5589657995942,50.606604569428,5.55892787383222,0.02635723513094,0.02596954630204,2020.18539165547,2020.1857793443,141600000,NA
1542,1544,0.000387688828900057,50.6065075160034,5.5589657995942,50.606604569428,5.55892787383222,0.02635723513094,0.02596954630204,2020.18539165547,2020.1857793443,141600000,NA
1543,1026,0.0765157377,50.606604569428,5.55892787383222,50.5751516375034,5.54542092840031,0.10287297283094,0.02635723513094,2020.1857793443,2020.262295082,141600000,hCoV-19/Belgium/ULG-10112/2020|EPI_ISL_427362|2020-04-06|Europe
1543,1025,0.03553213115,50.606604569428,5.55892787383222,50.607948355087,5.55752913106751,0.06188936628094,0.02635723513094,2020.1857793443,2020.22131147545,141600000,hCoV-19/Belgium/ULG-9739/2020|EPI_ISL_418663|2020-03-22|Europe
1544,1027,0.03553213115,50.606604569428,5.55892787383222,50.638063383852,5.53856685295307,0.06188936628094,0.02635723513094,2020.1857793443,2020.22131147545,141600000,hCoV-19/Belgium/ULG-9647/2020|EPI_ISL_418653|2020-03-22|Europe
1544,1028,1.30054645299804e-05,50.606604569428,5.55892787383222,50.6337731075205,5.64667209169386,0.02637024059547,0.02635723513094,2020.1857793443,2020.18579234976,141600000,hCoV-19/Belgium/FAE-030948/2020|EPI_ISL_420445|2020-03-09|Europe
1548,1549,0.00189000000000006,50.661914229458,5.53581053715242,50.6616383980569,5.53608257088765,0.07145723512914,0.06956723512914,2020.2289893443,2020.2308793443,141600000,NA
1549,1550,0.03413,50.6616383980569,5.53608257088765,50.6608194070303,5.53611353174424,0.10558723512914,0.07145723512914,2020.2308793443,2020.2650093443,141600000,NA
1550,1033,0.0300726229499999,50.6608194070303,5.53611353174424,50.61666114979,5.59003578298984,0.13565985807914,0.10558723512914,2020.2650093443,2020.29508196725,141600000,hCoV-19/Belgium/ULG-10159/2020|EPI_ISL_447154|2020-04-18|Europe
1550,1032,1.7978142099917e-05,50.6608194070303,5.53611353174424,50.6583018277271,5.5392377362512,0.10560521327124,0.10558723512914,2020.2650093443,2020.26502732244,141600000,hCoV-19/Belgium/ULG-10119/2020|EPI_ISL_427367|2020-04-07|Europe
1562,1045,0.0121300546399999,50.6156921520872,5.63880196486193,50.5636090267681,5.37649593826358,0.08374728977254,0.07161723513254,2020.2310393443,2020.24316939894,141600000,hCoV-19/Belgium/ULG-10047/2020|EPI_ISL_421214|2020-03-30|Europe
1562,1563,0.00883999999999996,50.6156921520872,5.63880196486193,50.6152538931138,5.63852691729839,0.08045723513254,0.07161723513254,2020.2310393443,2020.2398793443,141600000,NA
1563,1564,0.00328000000000006,50.6152538931138,5.63852691729839,50.5794619937026,5.85448243412857,0.0837372351325401,0.08045723513254,2020.2398793443,2020.2431593443,141600000,NA
1563,1046,0.05520262295,50.6152538931138,5.63852691729839,50.6141639232476,5.63867658397467,0.13565985808254,0.08045723513254,2020.2398793443,2020.29508196725,141600000,hCoV-19/Belgium/ULG-10154/2020|EPI_ISL_447150|2020-04-18|Europe
1564,1565,0.000369999999999981,50.5794619937026,5.85448243412857,50.5794297721087,5.85446749223632,0.08410723513254,0.0837372351325401,2020.2431593443,2020.2435293443,141600000,NA
1564,1047,1.00546448599248e-05,50.5794619937026,5.85448243412857,50.6963530620871,5.58320780130112,0.0837472897774,0.0837372351325401,2020.2431593443,2020.24316939895,141600000,hCoV-19/Belgium/ULG-10038/2020|EPI_ISL_427346|2020-03-30|Europe
1565,1049,0.05155262295,50.5794297721087,5.85446749223632,50.605923203762,5.49818502443888,0.13565985808254,0.08410723513254,2020.2435293443,2020.29508196725,141600000,hCoV-19/Belgium/ULG-10152/2020|EPI_ISL_447140|2020-04-18|Europe
1565,1048,0.00237229508199999,50.5794297721087,5.85446749223632,50.5793940778659,5.85429503057914,0.08647953021454,0.08410723513254,2020.2435293443,2020.24590163938,141600000,hCoV-19/Belgium/ULG-10033/2020|EPI_ISL_421207|2020-03-31|Europe
1570,1571,0.00193999999999994,50.5983363916376,5.42279508233891,50.6150972724244,5.5829771618481,0.06187723513254,0.05993723513254,2020.2193593443,2020.2212993443,141600000,NA
1571,1053,1.21311476299901e-05,50.6150972724244,5.5829771618481,50.614998557427,5.58300186795919,0.0618893662801699,0.06187723513254,2020.2212993443,2020.22131147545,141600000,hCoV-19/Belgium/ULG-9715/2020|EPI_ISL_418656|2020-03-22|Europe
1571,1572,0.03825,50.6150972724244,5.5829771618481,50.5591314089952,5.53714109409938,0.10012723513254,0.06187723513254,2020.2212993443,2020.2595493443,141600000,NA
1572,1055,0.00274573770499997,50.5591314089952,5.53714109409938,50.6321897063767,5.61515939954271,0.10287297283754,0.10012723513254,2020.2595493443,2020.26229508201,141600000,hCoV-19/Belgium/ULG-10099/2020|EPI_ISL_427350|2020-04-06|Europe
1572,1054,1.34972676200107e-05,50.5591314089952,5.53714109409938,50.5591242318798,5.53714291328874,0.10014073240016,0.10012723513254,2020.2595493443,2020.25956284157,141600000,hCoV-19/Belgium/ULG-10062/2020|EPI_ISL_424664|2020-04-05|Europe
1652,1135,1.21311476299901e-05,50.6713648002294,5.48133769488204,50.671376573027,5.48132682802753,0.06188936627803,0.0618772351304,2020.2212993443,2020.22131147545,141600000,hCoV-19/Belgium/ULG-9619/2020|EPI_ISL_418649|2020-03-22|Europe
1652,1134,1.21311476299901e-05,50.6713648002294,5.48133769488204,50.6665784960053,5.55372243252229,0.06188936627803,0.0618772351304,2020.2212993443,2020.22131147545,141600000,hCoV-19/Belgium/ULG-9725/2020|EPI_ISL_418659|2020-03-22|Europe
1653,1654,0.0048124373320001,50.5773501130502,5.11440527790856,50.6463692362861,5.65974927209951,0.0821896724624001,0.0773772351304,2020.2367993443,2020.24161178163,141600000,NA
1653,1657,0.00203000000000009,50.5773501130502,5.11440527790856,50.5780572881824,5.11392807232369,0.0794072351304,0.0773772351304,2020.2367993443,2020.2388293443,141600000,NA
1654,1656,0.000457562667599998,50.6463692362861,5.65974927209951,50.6463835454308,5.65978158920136,0.0826472351300001,0.0821896724624001,2020.24161178163,2020.2420693443,141600000,NA
1654,1655,0.000457562667599998,50.6463692362861,5.65974927209951,50.6463835454308,5.65978158920136,0.0826472351300001,0.0821896724624001,2020.24161178163,2020.2420693443,141600000,NA
1655,1137,0.1049251913,50.6463835454308,5.65978158920136,50.6431418112852,5.6556763926581,0.18757242643,0.0826472351300001,2020.2420693443,2020.3469945356,141600000,hCoV-19/Belgium/ULG-10205/2020|EPI_ISL_484694|2020-05-07
1656,1138,0.15957,50.6463835454308,5.65978158920136,50.5998666494529,5.89130993059116,0.24221723513,0.0826472351300001,2020.2420693443,2020.4016393443,141600000,hCoV-19/Belgium/ULG-10197/2020|EPI_ISL_471432|2020-05-27|Europe
1657,1658,0.00124581545899993,50.5780572881824,5.11392807232369,50.5785723306514,5.11381368296057,0.0806530505894,0.0794072351304,2020.2388293443,2020.24007515976,141600000,NA
1657,1140,0.00707229508199991,50.5780572881824,5.11392807232369,50.4727038263348,5.69607238463201,0.0864795302124,0.0794072351304,2020.2388293443,2020.24590163938,141600000,hCoV-19/Belgium/ULG-10030/2020|EPI_ISL_421204|2020-03-31|Europe
1658,1659,0.00533418454099999,50.5785723306514,5.11381368296057,50.6427869588964,5.54149868155551,0.0859872351304,0.0806530505894,2020.24007515976,2020.2454093443,141600000,NA
1658,1141,0.00309423918600005,50.5785723306514,5.11381368296057,50.5787031689679,5.11383246672464,0.0837472897754,0.0806530505894,2020.24007515976,2020.24316939894,141600000,hCoV-19/Belgium/DNM-0330351/2020|EPI_ISL_462205|2020-03-30|Europe
1659,1660,0.00867000000000007,50.6427869588964,5.54149868155551,50.6422145687833,5.53897776523625,0.0946572351304,0.0859872351304,2020.2454093443,2020.2540793443,141600000,NA
1660,1143,1.90163933699861e-05,50.6422145687833,5.53897776523625,50.642222681344,5.53897761533856,0.09467625152377,0.0946572351304,2020.2540793443,2020.25409836069,141600000,hCoV-19/Belgium/ULG-10074/2020|EPI_ISL_424634|2020-04-03|Europe
1681,1682,0.00232741827100003,50.487471905939,5.58640660012894,50.4039823770162,5.54465593183717,0.0618872351314,0.0595598168604,2020.21898192603,2020.2213093443,141600000,NA
1681,1683,0.000247418270799993,50.487471905939,5.58640660012894,50.487387476984,5.58649920296743,0.0598072351312,0.0595598168604,2020.21898192603,2020.2192293443,141600000,NA
1682,1165,2.13114762692701e-06,50.4039823770162,5.54465593183717,50.4904712662459,5.24631061964848,0.061889366279027,0.0618872351314,2020.2213093443,2020.22131147545,141600000,hCoV-19/Belgium/ULG-9618/2020|EPI_ISL_418648|2020-03-22|Europe
1682,1164,2.13114762692701e-06,50.4039823770162,5.54465593183717,50.4039906261533,5.54465563990291,0.061889366279027,0.0618872351314,2020.2213093443,2020.22131147545,141600000,hCoV-19/Belgium/ULG-9617/2020|EPI_ISL_418647|2020-03-22
1683,1166,0.0376012568299999,50.487387476984,5.58649920296743,50.4871802844683,5.58477075334538,0.0974084919611999,0.0598072351312,2020.2192293443,2020.25683060113,141600000,hCoV-19/Belgium/ULG-10094/2020|EPI_ISL_424650|2020-04-04|Europe
1683,1167,0.0376012568299999,50.487387476984,5.58649920296743,50.6574678902372,5.97658075266969,0.0974084919611999,0.0598072351312,2020.2192293443,2020.25683060113,141600000,hCoV-19/Belgium/ULG-10086/2020|EPI_ISL_424644|2020-04-04|Europe
1706,1188,0.0167534972700001,50.5881705306519,5.54329450757711,50.5881172380267,5.53209020789421,0.1001407324023,0.0833872351323,2020.2428093443,2020.25956284157,141600000,hCoV-19/Belgium/ULG-10049/2020|EPI_ISL_424658|2020-04-05|Europe
1706,1187,0.02495021858,50.5881705306519,5.54329450757711,50.5598899855126,5.50289353714578,0.1083374537123,0.0833872351323,2020.2428093443,2020.26775956288,141600000,hCoV-19/Belgium/ULG-10134/2020|EPI_ISL_427379|2020-04-08|Europe
1719,1720,0.00313299345700002,50.6061443048914,5.52334963992306,50.6041204581717,5.52252806717441,0.0448302285904,0.0416972351334,2020.2011193443,2020.20425233776,141600000,NA
1720,1204,0.00066569506780001,50.6041204581717,5.52252806717441,50.5464890262379,5.64838518574498,0.0454959236582,0.0448302285904,2020.20425233776,2020.20491803283,141600000,hCoV-19/Belgium/ULG-7500/2020|EPI_ISL_418632|2020-03-16|Europe
1720,1203,0.00066569506780001,50.6041204581717,5.52252806717441,50.6033773693351,5.52469993156629,0.0454959236582,0.0448302285904,2020.20425233776,2020.20491803283,141600000,hCoV-19/Belgium/ULG-7134/2020|EPI_ISL_418628|2020-03-16|Europe
1727,1208,1.03825126801516e-06,50.6085898518635,5.90924763161884,50.6085948817112,5.90924654843325,0.231288273380668,0.2312872351294,2020.3907093443,2020.39071038255,141600000,hCoV-19/Belgium/ULG-10202/2020|EPI_ISL_471436|2020-05-23|Europe
1727,1209,0.01366224044,50.6085898518635,5.90924763161884,50.6671020584143,5.98580880058068,0.2449494755694,0.2312872351294,2020.3907093443,2020.40437158474,141600000,hCoV-19/Belgium/ULG-10196/2020|EPI_ISL_471431|2020-05-28|Europe
1741,1225,2.99853320300247e-05,50.5705414154562,5.4343454869316,50.6118296177616,5.43380899172827,0.45806422963393,0.4580342443019,2020.61745635347,2020.6174863388,141600000,hCoV-19/Belgium/ULG-10425/2020|EPI_ISL_581605|2020-08-14|Europe
1741,1224,2.99853320300247e-05,50.5705414154562,5.4343454869316,50.5705583482505,5.43436975743472,0.45806422963393,0.4580342443019,2020.61745635347,2020.6174863388,141600000,hCoV-19/Belgium/ULG-10426/2020|EPI_ISL_581606|2020-08-14|Europe
1746,1228,0.000703808780600002,50.6085779779475,5.83370260593769,50.608427175884,5.83366981822323,0.4362063061422,0.4355024973616,2020.59492460653,2020.59562841531,141600000,hCoV-19/Belgium/ULG-10361/2020|EPI_ISL_540528|2020-08-06|Europe
1746,1747,0.0006947377423,50.6085779779475,5.83370260593769,50.6018145695812,5.86161204350494,0.4361972351039,0.4355024973616,2020.59492460653,2020.59561934427,141600000,NA
1747,1230,9.07103823100108e-06,50.6018145695812,5.86161204350494,50.6018092815699,5.86163880699767,0.436206306142131,0.4361972351039,2020.59561934427,2020.59562841531,141600000,hCoV-19/Belgium/ULG-10360/2020|EPI_ISL_540527|2020-08-06|Europe
1747,1229,0.00274131147500001,50.6018145695812,5.86161204350494,50.6010664932435,5.87678245400683,0.4389385465789,0.4361972351039,2020.59561934427,2020.59836065575,141600000,hCoV-19/Belgium/ULG-10362/2020|EPI_ISL_540529|2020-08-07
1749,1786,0.00223000000000001,50.5837927658073,5.51235763829284,50.6118257114856,5.913994896604,0.3533472351016,0.3511172351016,2020.51053934427,2020.51276934427,141600000,NA
1754,1755,0.000172863267200007,50.6226567462537,5.61351917647686,50.6244819165992,5.61239618004202,0.416657235103,0.4164843718358,2020.575906481,2020.57607934427,141600000,NA
1754,1756,0.000172863267200007,50.6226567462537,5.61351917647686,50.6244819165992,5.61239618004202,0.416657235103,0.4164843718358,2020.575906481,2020.57607934427,141600000,NA
1755,1236,0.08785508197,50.6244819165992,5.61239618004202,50.6459122899464,5.53978002622776,0.504512317073,0.416657235103,2020.57607934427,2020.66393442624,141600000,hCoV-19/Belgium/ULG-10465/2020|EPI_ISL_581636|2020-08-31|Europe
1755,1235,0.07419387978,50.6244819165992,5.61239618004202,50.6243996139705,5.61197969797034,0.490851114883,0.416657235103,2020.57607934427,2020.65027322405,141600000,hCoV-19/Belgium/ULG-10448/2020|EPI_ISL_581589|2020-08-26
1756,1757,0.02911038169,50.6244819165992,5.61239618004202,50.6429330094496,5.61735945847629,0.445767616793,0.416657235103,2020.57607934427,2020.60518972596,141600000,NA
1756,1761,0.000259999999999982,50.6244819165992,5.61239618004202,50.6229941796234,5.61297769738641,0.416917235103,0.416657235103,2020.57607934427,2020.57633934427,141600000,NA
1757,1760,0.000533888255499992,50.6429330094496,5.61735945847629,50.6429737940608,5.61735790781022,0.4463015050485,0.445767616793,2020.60518972596,2020.60572361422,141600000,NA
1760,1240,0.000833762836600027,50.6429737940608,5.61735790781022,50.6430180462565,5.61736825959209,0.4471352678851,0.4463015050485,2020.60572361422,2020.60655737705,141600000,hCoV-19/Belgium/ULG-10400/2020|EPI_ISL_540567|2020-08-10|Europe
1760,1241,0.02815616721,50.6429737940608,5.61735790781022,50.6920750816736,5.38465560247844,0.4744576722585,0.4463015050485,2020.60572361422,2020.63387978143,141600000,hCoV-19/Belgium/ULG-10405/2020|EPI_ISL_540572|2020-08-20|Europe
1761,1242,0.07939836066,50.6229941796234,5.61297769738641,50.4480444651538,5.27422348039506,0.496315595763,0.416917235103,2020.57633934427,2020.65573770493,141600000,hCoV-19/Belgium/ULG-10454/2020|EPI_ISL_581628|2020-08-28|Europe
1761,1762,0.0176,50.6229941796234,5.61297769738641,50.6123759725269,5.91375480029571,0.434517235103,0.416917235103,2020.57633934427,2020.59393934427,141600000,NA
1762,1243,0.00168907103799998,50.6123759725269,5.91375480029571,50.6141727764105,5.91079948325896,0.436206306141,0.434517235103,2020.59393934427,2020.59562841531,141600000,hCoV-19/Belgium/ULG-10372/2020|EPI_ISL_540539|2020-08-06|Europe
1762,1763,0.00223000000000001,50.6123759725269,5.91375480029571,50.6118257114856,5.913994896604,0.436747235103,0.434517235103,2020.59393934427,2020.59616934427,141600000,NA
1763,1764,0.000730000000000008,50.6118257114856,5.913994896604,50.6328222139149,5.87893445384318,0.437477235103,0.436747235103,2020.59616934427,2020.59689934427,141600000,NA
1763,1244,0.00219131147500001,50.6118257114856,5.913994896604,50.6636106161505,5.6631796994791,0.438938546578,0.436747235103,2020.59616934427,2020.59836065575,141600000,hCoV-19/Belgium/ULG-10389/2020|EPI_ISL_540556|2020-08-07|Europe
1764,1765,0.02824512959,50.6328222139149,5.87893445384318,50.6809119618619,5.66478153191737,0.465722364693,0.437477235103,2020.59689934427,2020.62514447386,141600000,NA
1764,1245,0.001461311475,50.6328222139149,5.87893445384318,50.6323524106734,5.87950388945774,0.438938546578,0.437477235103,2020.59689934427,2020.59836065575,141600000,hCoV-19/Belgium/ULG-10366/2020|EPI_ISL_540533|2020-08-07|Europe
1765,1247,0.02512875019,50.6809119618619,5.66478153191737,50.5741253647147,5.17134971369352,0.490851114883,0.465722364693,2020.62514447386,2020.65027322405,141600000,hCoV-19/Belgium/ULG-10450/2020|EPI_ISL_581625|2020-08-26|Europe
1765,1246,0.000538586253999995,50.6809119618619,5.66478153191737,50.680915448259,5.66494242419939,0.466260950947,0.465722364693,2020.62514447386,2020.62568306011,141600000,hCoV-19/Belgium/ULG-10625/2020|EPI_ISL_626234|2020-08-17|Europe
1768,1248,0.05491371585,50.5681304097729,5.86682002397238,50.5679042887009,5.86664493240938,0.4662609509556,0.4113472351056,2020.57076934427,2020.62568306012,141600000,hCoV-19/Belgium/ULG-10621/2020|EPI_ISL_626233|2020-08-17|Europe
1768,1249,0.05218147541,50.5681304097729,5.86682002397238,50.6090830937667,5.49540056918185,0.4635287105156,0.4113472351056,2020.57076934427,2020.62295081968,141600000,hCoV-19/Belgium/ULG-10623/2020|EPI_ISL_626231|2020-08-16|Europe
1770,1771,0.00189,50.6279853956689,5.59801948426431,50.6275800687681,5.5982801190459,0.4150972351056,0.4132072351056,2020.57262934427,2020.57451934427,141600000,NA
1770,1774,0.00279459879499999,50.6279853956689,5.59801948426431,50.6276182042435,5.59804347869413,0.4160018339006,0.4132072351056,2020.57262934427,2020.57542394307,141600000,NA
1771,1773,0.00165999999999999,50.6275800687681,5.5982801190459,50.6263269484291,5.59875660006369,0.4167572351056,0.4150972351056,2020.57451934427,2020.57617934427,141600000,NA
1771,1772,0.00197000000000003,50.6275800687681,5.5982801190459,50.619716389164,5.61232038223897,0.4170672351056,0.4150972351056,2020.57451934427,2020.57648934427,141600000,NA
1772,1252,1.33879781200053e-05,50.619716389164,5.61232038223897,50.6197300351564,5.61228992857162,0.41708062308372,0.4170672351056,2020.57648934427,2020.57650273225,141600000,hCoV-19/Belgium/ULG-10336/2020|EPI_ISL_540503|2020-07-30|Europe
1773,1253,0.04130699454,50.6263269484291,5.59875660006369,50.6458362282376,5.63032477533031,0.4580642296456,0.4167572351056,2020.57617934427,2020.61748633881,141600000,hCoV-19/Belgium/ULG-10429/2020|EPI_ISL_581607|2020-08-14|Europe
1774,1775,0.0005454012053,50.6276182042435,5.59804347869413,50.6276388151025,5.59801477630269,0.4165472351059,0.4160018339006,2020.57542394307,2020.57596934427,141600000,NA
1774,1776,0.00155604466199999,50.6276182042435,5.59804347869413,50.6277056435512,5.59809390818186,0.4175578785626,0.4160018339006,2020.57542394307,2020.57697998773,141600000,NA
1775,1256,0.05517819672,50.6276388151025,5.59801477630269,50.5028051685791,5.62092446589375,0.4717254318259,0.4165472351059,2020.57596934427,2020.63114754099,141600000,hCoV-19/Belgium/ULG-10402/2020|EPI_ISL_540569|2020-08-19|Europe
1775,1255,0.02239131148,50.6276388151025,5.59801477630269,50.6190527693993,5.55946317012853,0.4389385465859,0.4165472351059,2020.57596934427,2020.59836065575,141600000,hCoV-19/Belgium/ULG-10391/2020|EPI_ISL_540558|2020-08-07|Europe
1776,1777,0.000919356543200023,50.6277056435512,5.59809390818186,50.6277143913077,5.59819091936363,0.4184772351058,0.4175578785626,2020.57697998773,2020.57789934427,141600000,NA
1776,1778,0.001399356543,50.6277056435512,5.59809390818186,50.6280101191655,5.59795432890491,0.4189572351056,0.4175578785626,2020.57697998773,2020.57837934427,141600000,NA
1777,1257,0.00133562841500001,50.6277143913077,5.59819091936363,50.6277779820186,5.59858357455721,0.4198128635208,0.4184772351058,2020.57789934427,2020.57923497269,141600000,hCoV-19/Belgium/ULG-10338/2020|EPI_ISL_540505|2020-07-31|Europe
1777,1258,0.00133562841500001,50.6277143913077,5.59819091936363,50.6237873916619,5.86301539956163,0.4198128635208,0.4184772351058,2020.57789934427,2020.57923497269,141600000,hCoV-19/Belgium/ULG-10339/2020|EPI_ISL_540506|2020-07-31|Europe
1778,1780,0.000240000000000018,50.6280101191655,5.59795432890491,50.6280324807513,5.59788392091609,0.4191972351056,0.4189572351056,2020.57837934427,2020.57861934427,141600000,NA
1780,1781,0.02086,50.6280324807513,5.59788392091609,50.6341024378072,5.60441774677671,0.4400572351056,0.4191972351056,2020.57861934427,2020.59947934427,141600000,NA
1780,1261,0.04706371585,50.6280324807513,5.59788392091609,50.6221637523211,5.39443677365866,0.4662609509556,0.4191972351056,2020.57861934427,2020.62568306012,141600000,hCoV-19/Belgium/ULG-10442/2020|EPI_ISL_581619|2020-08-17|Europe
1781,1262,0.01800699454,50.6341024378072,5.60441774677671,50.6374575590615,5.60801555472874,0.4580642296456,0.4400572351056,2020.59947934427,2020.61748633881,141600000,hCoV-19/Belgium/ULG-10430/2020|EPI_ISL_581608|2020-08-14|Europe
1781,1782,0.00229000000000001,50.6341024378072,5.60441774677671,50.6344665622587,5.60439614037034,0.4423472351056,0.4400572351056,2020.59947934427,2020.60176934427,141600000,NA
1782,1783,0.00444733035700001,50.6344665622587,5.60439614037034,50.6345531342822,5.60447278464595,0.4467945654626,0.4423472351056,2020.60176934427,2020.60621667463,141600000,NA
1782,1784,0.01953,50.6344665622587,5.60439614037034,50.6344695560915,5.60427991396383,0.4618772351056,0.4423472351056,2020.60176934427,2020.62129934427,141600000,NA
1783,1263,0.01126966418,50.6345531342822,5.60447278464595,50.6342098474984,5.59911427804516,0.4580642296426,0.4467945654626,2020.60621667463,2020.61748633881,141600000,hCoV-19/Belgium/ULG-10433/2020|EPI_ISL_581611|2020-08-14|Europe
1783,1264,0.000340702430299988,50.6345531342822,5.60447278464595,50.6341788204066,5.60474089973624,0.4471352678929,0.4467945654626,2020.60621667463,2020.60655737706,141600000,hCoV-19/Belgium/ULG-10393/2020|EPI_ISL_540560|2020-08-10|Europe
1784,1266,0.00438371584699998,50.6344695560915,5.60427991396383,50.6306197760541,5.58782410659239,0.4662609509526,0.4618772351056,2020.62129934427,2020.62568306012,141600000,hCoV-19/Belgium/ULG-10437/2020|EPI_ISL_581615|2020-08-17|Europe
1790,1791,0.00202531620099999,50.6343003761498,5.51161271841042,50.5174912971957,5.82914237552064,0.3596525513026,0.3576272351016,2020.51704934427,2020.51907466047,141600000,NA
1790,1795,0.0271899324,50.6343003761498,5.51161271841042,50.6335038006547,5.51279516782678,0.3848171675016,0.3576272351016,2020.51704934427,2020.54423927667,141600000,NA
1791,1273,5.10225966500188e-05,50.5174912971957,5.82914237552064,50.4869583008084,5.55272769168909,0.35970357389925,0.3596525513026,2020.51907466047,2020.51912568307,141600000,hCoV-19/Belgium/ULG-10273/2020|EPI_ISL_515080|2020-07-09|Europe
1791,1792,0.01370945878,50.5174912971957,5.82914237552064,50.5174860128356,5.82914132658329,0.3733620100826,0.3596525513026,2020.51907466047,2020.53278411925,141600000,NA
1792,1793,0.007423937223,50.5174860128356,5.82914132658329,50.6355788089552,5.59481349348979,0.3807859473056,0.3733620100826,2020.53278411925,2020.54020805647,141600000,NA
1792,1274,2.76600630100265e-06,50.5174860128356,5.82914132658329,50.5174788105191,5.82913540260516,0.373364776088901,0.3733620100826,2020.53278411925,2020.53278688526,141600000,hCoV-19/Belgium/ULG-10261/2020|EPI_ISL_515068|2020-07-14|Europe
1793,1794,0.0492574442,50.6355788089552,5.59481349348979,50.6325939797037,5.60408714358425,0.4300433915056,0.3807859473056,2020.54020805647,2020.58946550067,141600000,NA
1793,1275,0.000775550095000022,50.6355788089552,5.59481349348979,50.5333778816474,5.31069355713109,0.3815614974006,0.3807859473056,2020.54020805647,2020.54098360657,141600000,hCoV-19/Belgium/ULG-10249/2020|EPI_ISL_515056|2020-07-17|Europe
1794,1276,0.00889515507499999,50.6325939797037,5.60408714358425,50.626043717889,5.61457195686955,0.4389385465806,0.4300433915056,2020.58946550067,2020.59836065575,141600000,hCoV-19/Belgium/ULG-10367/2020|EPI_ISL_540534|2020-08-07|Europe
1794,1277,0.00069843376369999,50.6325939797037,5.60408714358425,50.6325534170867,5.60397042032994,0.4307418252693,0.4300433915056,2020.58946550067,2020.59016393444,141600000,hCoV-19/Belgium/ULG-10368/2020|EPI_ISL_540535|2020-08-04|Europe
1795,1796,0.000780067597099976,50.6335038006547,5.51279516782678,50.633459641891,5.51233788278426,0.3855972350987,0.3848171675016,2020.54423927667,2020.54501934427,141600000,NA
1795,1801,0.00266006759699999,50.6335038006547,5.51279516782678,50.6336879214586,5.51265320329567,0.3874772350986,0.3848171675016,2020.54423927667,2020.54689934427,141600000,NA
1796,1278,0.01235770492,50.633459641891,5.51233788278426,50.6354897239681,5.51077061024972,0.3979549400187,0.3855972350987,2020.54501934427,2020.55737704919,141600000,hCoV-19/Belgium/ULG-10285/2020|EPI_ISL_540452|2020-07-23|Europe
1796,1797,0.03008630892,50.633459641891,5.51233788278426,50.5549338477626,5.12584257141018,0.4156835440187,0.3855972350987,2020.54501934427,2020.57510565319,141600000,NA
1797,1798,0.000323691082699973,50.5549338477626,5.12584257141018,50.5549541751856,5.12584990746639,0.4160072351014,0.4156835440187,2020.57510565319,2020.57542934427,141600000,NA
1798,1799,0.01473,50.5549541751856,5.12584990746639,50.553281070151,5.12810431085526,0.4307372351014,0.4160072351014,2020.57542934427,2020.59015934427,141600000,NA
1799,1281,0.02732699454,50.553281070151,5.12810431085526,50.5277044008961,5.31562005821145,0.4580642296414,0.4307372351014,2020.59015934427,2020.61748633881,141600000,hCoV-19/Belgium/ULG-10421/2020|EPI_ISL_581603|2020-08-14|Europe
1799,1280,4.59016397902356e-06,50.553281070151,5.12810431085526,50.5532822974713,5.12808943623485,0.430741825265379,0.4307372351014,2020.59015934427,2020.59016393443,141600000,hCoV-19/Belgium/ULG-10340/2020|EPI_ISL_540507|2020-08-04|Europe
1801,1849,0.004311855807,50.6336879214586,5.51265320329567,50.6335122503979,5.5128973485313,0.3917890909056,0.3874772350986,2020.54689934427,2020.55121120007,141600000,NA
1801,1802,0.00189,50.6336879214586,5.51265320329567,50.6275800687681,5.5982801190459,0.3893672350986,0.3874772350986,2020.54689934427,2020.54878934427,141600000,NA
1805,1285,0.00061311017479998,50.6176244077592,5.40564720668372,50.6410252445974,5.51363743971039,0.4170806230734,0.4164675128986,2020.57588962207,2020.57650273224,141600000,hCoV-19/Belgium/ULG-10330/2020|EPI_ISL_540497|2020-07-30|Europe
1805,1284,0.00061311017479998,50.6176244077592,5.40564720668372,50.6175851465675,5.40569915575788,0.4170806230734,0.4164675128986,2020.57588962207,2020.57650273224,141600000,hCoV-19/Belgium/ULG-10331/2020|EPI_ISL_540498|2020-07-30|Europe
1815,1816,0.00701000000000002,50.6563589918185,5.63872772929234,50.6567271054382,5.636287859275,0.4037172350986,0.3967072350986,2020.55612934427,2020.56313934427,141600000,NA
1815,1831,0.00191000000000002,50.6563589918185,5.63872772929234,50.6316777229109,5.64868425373204,0.3986172350986,0.3967072350986,2020.55612934427,2020.55803934427,141600000,NA
1816,1817,0.02514,50.6567271054382,5.636287859275,50.6556252987299,5.63791086226743,0.4288572350986,0.4037172350986,2020.56313934427,2020.58827934427,141600000,NA
1816,1819,0.01027,50.6567271054382,5.636287859275,50.6441892162197,5.58777075350205,0.4139872350986,0.4037172350986,2020.56313934427,2020.57340934427,141600000,NA
1817,1818,0.01777074446,50.6556252987299,5.63791086226743,50.6367823607602,5.63244492356011,0.4466279795586,0.4288572350986,2020.58827934427,2020.60605008873,141600000,NA
1817,1297,0.001884590164,50.6556252987299,5.63791086226743,50.6555716984008,5.63787737298712,0.4307418252626,0.4288572350986,2020.58827934427,2020.59016393443,141600000,hCoV-19/Belgium/ULG-10369/2020|EPI_ISL_540536|2020-08-04|Europe
1818,1298,0.02509745227,50.6367823607602,5.63244492356011,50.6314776992754,5.65210939940886,0.4717254318286,0.4466279795586,2020.60605008873,2020.631147541,141600000,hCoV-19/Belgium/ULG-10403/2020|EPI_ISL_540570|2020-08-19|Europe
1818,1299,0.000507288331299982,50.6367823607602,5.63244492356011,50.636918769089,5.63254738789591,0.4471352678899,0.4466279795586,2020.60605008873,2020.60655737706,141600000,hCoV-19/Belgium/ULG-10395/2020|EPI_ISL_540562|2020-08-10|Europe
1819,1820,0.00052000000000002,50.6441892162197,5.58777075350205,50.6443077101038,5.58811353408374,0.4145072350986,0.4139872350986,2020.57340934427,2020.57392934427,141600000,NA
1819,1821,0.00186999999999998,50.6441892162197,5.58777075350205,50.64492271771,5.58942516306678,0.4158572350986,0.4139872350986,2020.57340934427,2020.57527934427,141600000,NA
1820,1300,0.02169907104,50.6443077101038,5.58811353408374,50.6699006840379,5.63583374407461,0.4362063061386,0.4145072350986,2020.57392934427,2020.59562841531,141600000,hCoV-19/Belgium/ULG-10373/2020|EPI_ISL_540540|2020-08-06|Europe
1820,1301,0.02169907104,50.6443077101038,5.58811353408374,50.6429364464617,5.58977750310971,0.4362063061386,0.4145072350986,2020.57392934427,2020.59562841531,141600000,hCoV-19/Belgium/ULG-10359/2020|EPI_ISL_540526|2020-08-06|Europe
1821,1822,0.00294655676799999,50.64492271771,5.58942516306678,50.6434492586555,5.59033078537846,0.4188037918666,0.4158572350986,2020.57527934427,2020.57822590103,141600000,NA
1822,1823,0.000873443231899973,50.6434492586555,5.59033078537846,50.6435436851659,5.59035003268842,0.4196772350985,0.4188037918666,2020.57822590103,2020.57909934427,141600000,NA
1822,1824,0.000463443231900007,50.6434492586555,5.59033078537846,50.6451974114916,5.59077270565324,0.4192672350985,0.4188037918666,2020.57822590103,2020.57868934427,141600000,NA
1823,1302,0.09029956284,50.6435436851659,5.59035003268842,50.6041501926329,5.61058798987659,0.5099767979385,0.4196772350985,2020.57909934427,2020.66939890711,141600000,hCoV-19/Belgium/ULG-10610/2020|EPI_ISL_626245|2020-09-02|Europe
1823,1303,0.04658371585,50.6435436851659,5.59035003268842,50.626447849422,5.60251013896653,0.4662609509485,0.4196772350985,2020.57909934427,2020.62568306012,141600000,hCoV-19/Belgium/ULG-10431/2020|EPI_ISL_581609|2020-08-17|Europe
1824,1304,0.2956275956,50.6451974114916,5.59077270565324,50.5977353560773,5.55159467938689,0.7148948306985,0.4192672350985,2020.57868934427,2020.87431693987,141600000,hCoV-19/Belgium/ULG-10785/2020|EPI_ISL_661221|2020-11-16|Europe
1824,1305,0.03879699454,50.6451974114916,5.59077270565324,50.6633860495304,5.62875997727465,0.4580642296385,0.4192672350985,2020.57868934427,2020.61748633881,141600000,hCoV-19/Belgium/ULG-10417/2020|EPI_ISL_581599|2020-08-14|Europe
1827,1828,0.00018261571549999,50.5651373428522,5.59519780439941,50.5655821052385,5.5952312415576,0.4195172350991,0.4193346193836,2020.57875672855,2020.57893934427,141600000,NA
1827,1308,0.07698097637,50.5651373428522,5.59519780439941,50.5406067601382,5.54181400187298,0.4963155957536,0.4193346193836,2020.57875672855,2020.65573770492,141600000,hCoV-19/Belgium/ULG-10458/2020|EPI_ISL_581631|2020-08-28|Europe
1828,1830,0.01122,50.5655821052385,5.5952312415576,50.5908710940841,5.56690948547802,0.4307372350991,0.4195172350991,2020.57893934427,2020.59015934427,141600000,NA
1828,1829,0.01122,50.5655821052385,5.5952312415576,50.5908710940841,5.56690948547802,0.4307372350991,0.4195172350991,2020.57893934427,2020.59015934427,141600000,NA
1829,1309,4.59016397902356e-06,50.5908710940841,5.56690948547802,50.5908672813225,5.56691135276818,0.430741825263079,0.4307372350991,2020.59015934427,2020.59016393443,141600000,hCoV-19/Belgium/ULG-10350/2020|EPI_ISL_540517|2020-08-04|Europe
1829,1310,0.02732699454,50.5908710940841,5.56690948547802,50.6757090011021,5.60109775943125,0.4580642296391,0.4307372350991,2020.59015934427,2020.61748633881,141600000,hCoV-19/Belgium/ULG-10415/2020|EPI_ISL_581597|2020-08-14|Europe
1830,1312,4.59016397902356e-06,50.5908710940841,5.56690948547802,50.5657387142878,5.59512984536319,0.430741825263079,0.4307372350991,2020.59015934427,2020.59016393443,141600000,hCoV-19/Belgium/ULG-10354/2020|EPI_ISL_540521|2020-08-04|Europe
1830,1311,4.59016397902356e-06,50.5908710940841,5.56690948547802,50.6253667294784,5.42264888268862,0.430741825263079,0.4307372350991,2020.59015934427,2020.59016393443,141600000,hCoV-19/Belgium/ULG-10353/2020|EPI_ISL_540520|2020-08-04|Europe
1831,1833,0.01178,50.6316777229109,5.64868425373204,50.6316990230033,5.6484558138006,0.4103972350986,0.3986172350986,2020.55803934427,2020.56981934427,141600000,NA
1833,1839,0.00606000000000001,50.6316990230033,5.6484558138006,50.6325969113594,5.64794879747367,0.4164572350986,0.4103972350986,2020.56981934427,2020.57587934427,141600000,NA
1833,1834,0.00205,50.6316990230033,5.6484558138006,50.6321718448902,5.64850192200139,0.4124472350986,0.4103972350986,2020.56981934427,2020.57186934427,141600000,NA
1839,1840,0.000120000000000009,50.6325969113594,5.64794879747367,50.6325466561216,5.64822336163307,0.4165772350986,0.4164572350986,2020.57587934427,2020.57599934427,141600000,NA
1840,1321,0.01962907104,50.6325466561216,5.64822336163307,50.6322161718152,5.64858836150294,0.4362063061386,0.4165772350986,2020.57599934427,2020.59562841531,141600000,hCoV-19/Belgium/ULG-10358/2020|EPI_ISL_540525|2020-08-06|Europe
1840,1841,0.01738,50.6325466561216,5.64822336163307,50.6319430751631,5.63675697000539,0.4339572350986,0.4165772350986,2020.57599934427,2020.59337934427,141600000,NA
1841,1842,0.0015,50.6319430751631,5.63675697000539,50.6316916061041,5.63688237578755,0.4354572350986,0.4339572350986,2020.59337934427,2020.59487934427,141600000,NA
1841,1843,0.00193258179700001,50.6319430751631,5.63675697000539,50.6350649442254,5.60799205325103,0.4358898168956,0.4339572350986,2020.59337934427,2020.59531192606,141600000,NA
1842,1322,0.000749071038199989,50.6316916061041,5.63688237578755,50.6319345197237,5.63678338942274,0.4362063061368,0.4354572350986,2020.59487934427,2020.5956284153,141600000,hCoV-19/Belgium/ULG-10356/2020|EPI_ISL_540523|2020-08-06|Europe
1842,1323,0.00348131147500003,50.6316916061041,5.63688237578755,50.6409172546886,5.59443689995749,0.4389385465736,0.4354572350986,2020.59487934427,2020.59836065574,141600000,hCoV-19/Belgium/ULG-10384/2020|EPI_ISL_540551|2020-08-07|Europe
1843,1324,0.000316489241599993,50.6350649442254,5.60799205325103,50.6348855189737,5.60784404629642,0.4362063061372,0.4358898168956,2020.59531192606,2020.59562841531,141600000,hCoV-19/Belgium/ULG-10363/2020|EPI_ISL_540530|2020-08-06|Europe
1843,1325,0.01124545099,50.6350649442254,5.60799205325103,50.6679661112672,5.60959433443938,0.4471352678856,0.4358898168956,2020.59531192606,2020.60655737705,141600000,hCoV-19/Belgium/ULG-10398/2020|EPI_ISL_540565|2020-08-10|Europe
1849,1850,0.000688144192899975,50.6335122503979,5.5128973485313,50.6334800711941,5.5128977198006,0.3924772350985,0.3917890909056,2020.55121120007,2020.55189934427,141600000,NA
1849,1855,0.000436303824799977,50.6335122503979,5.5128973485313,50.6335325439426,5.51254508732444,0.3922253947304,0.3917890909056,2020.55121120007,2020.5516475039,141600000,NA
1850,1852,0.01620637752,50.6334800711941,5.5128977198006,50.5480207332362,5.36232061110649,0.4086836126185,0.3924772350985,2020.55189934427,2020.56810572179,141600000,NA
1852,1853,0.009833622481,50.5480207332362,5.36232061110649,50.546603371038,5.3588792040034,0.4185172350995,0.4086836126185,2020.56810572179,2020.57793934427,141600000,NA
1852,1334,0.000200289147699984,50.5480207332362,5.36232061110649,50.5478442348635,5.36227653949782,0.4088839017662,0.4086836126185,2020.56810572179,2020.56830601093,141600000,hCoV-19/Belgium/ULG-10317/2020|EPI_ISL_540484|2020-07-27|Europe
1853,1854,0.1343327572,50.546603371038,5.3588792040034,50.606261125272,5.6101661446345,0.5528499922995,0.4185172350995,2020.57793934427,2020.71227210147,141600000,NA
1853,1335,0.02042131148,50.546603371038,5.3588792040034,50.6468264983439,5.65440691341741,0.4389385465795,0.4185172350995,2020.57793934427,2020.59836065575,141600000,hCoV-19/Belgium/ULG-10377/2020|EPI_ISL_540544|2020-08-07|Europe
1854,1337,0.09647106791,50.606261125272,5.6101661446345,50.6179001572086,5.63268663969026,0.6493210602095,0.5528499922995,2020.71227210147,2020.80874316938,141600000,hCoV-19/Belgium/ULG-10533/2020|EPI_ISL_626325|2020-10-23|Europe
1854,1336,0.000842652606099947,50.606261125272,5.6101661446345,50.6058517939212,5.60957563018487,0.5536926449056,0.5528499922995,2020.71227210147,2020.71311475407,141600000,hCoV-19/Belgium/ULG-10763/2020|EPI_ISL_641605|2020-09-18|Europe
1855,1338,0.01665850703,50.6335325439426,5.51254508732444,50.6307468360011,5.6699578178725,0.4088839017604,0.3922253947304,2020.5516475039,2020.56830601093,141600000,hCoV-19/Belgium/ULG-10311/2020|EPI_ISL_540478|2020-07-27|Europe
1855,1856,0.000251840368000023,50.6335325439426,5.51254508732444,50.6336101664923,5.51253425595744,0.3924772350984,0.3922253947304,2020.5516475039,2020.55189934427,141600000,NA
1856,1865,0.04057,50.6336101664923,5.51253425595744,50.6041002257451,5.54024317683522,0.4330472350984,0.3924772350984,2020.55189934427,2020.59246934427,141600000,NA
1862,1863,0.000240000000000018,50.6275800687681,5.5982801190459,50.6280324807513,5.59788392091609,0.4199872350984,0.4197472350984,2020.57916934427,2020.57940934427,141600000,NA
1865,1866,0.01621532636,50.6041002257451,5.54024317683522,50.6040404464085,5.54170362229242,0.4492625614584,0.4330472350984,2020.59246934427,2020.60868467063,141600000,NA
1865,1348,0.2818475956,50.6041002257451,5.54024317683522,50.4911110207544,5.64772370175141,0.7148948306984,0.4330472350984,2020.59246934427,2020.87431693987,141600000,hCoV-19/Belgium/ULG-10794/2020|EPI_ISL_661228|2020-11-16|Europe
1866,1872,0.000147015511899995,50.6040404464085,5.54170362229242,50.6040386554969,5.5416561345555,0.4494095769703,0.4492625614584,2020.60868467063,2020.60883168614,141600000,NA
1866,1867,0.00045467363770002,50.6040404464085,5.54170362229242,50.6039444046083,5.54180733139978,0.4497172350961,0.4492625614584,2020.60868467063,2020.60913934426,141600000,NA
1867,1869,0.19105,50.6039444046083,5.54180733139978,50.6024951708446,5.54361501720963,0.6407672350961,0.4497172350961,2020.60913934426,2020.80018934426,141600000,NA
1867,1868,0.04648111127,50.6039444046083,5.54180733139978,50.6514332133852,5.01014511594982,0.4961983463661,0.4497172350961,2020.60913934426,2020.65562045553,141600000,NA
1868,1349,0.000117249389499974,50.6514332133852,5.01014511594982,50.6514264418256,5.01012605522531,0.4963155957556,0.4961983463661,2020.65562045553,2020.65573770492,141600000,hCoV-19/Belgium/ULG-10455/2020|EPI_ISL_581629|2020-08-28|Europe
1868,1350,0.00831397070099998,50.6514332133852,5.01014511594982,50.695640333324,5.06225803698255,0.5045123170671,0.4961983463661,2020.65562045553,2020.66393442624,141600000,hCoV-19/Belgium/ULG-10462/2020|EPI_ISL_581633|2020-08-31|Europe
1869,1351,0.01675054645,50.6024951708446,5.54361501720963,50.6870905355694,5.64009843143699,0.6575177815461,0.6407672350961,2020.80018934426,2020.81693989071,141600000,hCoV-19/Belgium/ULG-10646/2020|EPI_ISL_636624|2020-10-26|Europe
1869,1870,0.00514999999999999,50.6024951708446,5.54361501720963,50.602367068573,5.54360995084701,0.6459172350961,0.6407672350961,2020.80018934426,2020.80533934426,141600000,NA
1870,1352,0.00340382513699999,50.602367068573,5.54360995084701,50.602106240745,5.54378005097023,0.6493210602331,0.6459172350961,2020.80533934426,2020.8087431694,141600000,hCoV-19/Belgium/ULG-10569/2020|EPI_ISL_626280|2020-10-23|Europe
1870,1871,0.00139,50.602367068573,5.54360995084701,50.6005963973613,5.54269551211795,0.6473072350961,0.6459172350961,2020.80533934426,2020.80672934426,141600000,NA
1871,1354,0.07031983607,50.6005963973613,5.54269551211795,50.7002226273866,5.63448128145612,0.7176270711661,0.6473072350961,2020.80672934426,2020.87704918033,141600000,hCoV-19/Belgium/ULG-10806/2020|EPI_ISL_661233|2020-11-17|Europe
1871,1353,0.01021054645,50.6005963973613,5.54269551211795,50.5925641658272,5.42865852575479,0.6575177815461,0.6473072350961,2020.80672934426,2020.81693989071,141600000,hCoV-19/Belgium/ULG-10659/2020|EPI_ISL_636636|2020-10-26|Europe
1872,1873,0.02225765813,50.6040386554969,5.5416561345555,50.6005041706291,5.56428290075041,0.4716672351003,0.4494095769703,2020.60883168614,2020.63108934427,141600000,NA
1872,1998,0.000307658125800025,50.6040386554969,5.5416561345555,50.6041666010466,5.54163865460007,0.4497172350961,0.4494095769703,2020.60883168614,2020.60913934426,141600000,NA
1873,1355,0.04377404372,50.6005041706291,5.56428290075041,50.501454906486,5.14166141650223,0.5154412788203,0.4716672351003,2020.63108934427,2020.67486338799,141600000,hCoV-19/Belgium/ULG-10609/2020|EPI_ISL_626246|2020-09-04|Europe
1873,1874,0.00139,50.6005041706291,5.56428290075041,50.6005963973613,5.54269551211795,0.4730572351003,0.4716672351003,2020.63108934427,2020.63247934427,141600000,NA
1874,1885,0.03691847243,50.6005963973613,5.54269551211795,50.6070380217617,5.56726765224936,0.5099757075303,0.4730572351003,2020.63247934427,2020.6693978167,141600000,NA
1874,1875,0.00365808519999999,50.6005963973613,5.54269551211795,50.599996146147,5.56509769801108,0.4767153203003,0.4730572351003,2020.63247934427,2020.63613742947,141600000,NA
1875,1356,0.0004745923958,50.599996146147,5.56509769801108,50.6613522688523,5.72604548358773,0.4771899126961,0.4767153203003,2020.63613742947,2020.63661202186,141600000,hCoV-19/Belgium/ULG-10407/2020|EPI_ISL_540574|2020-08-21|Europe
1877,1878,0.00267665485799995,50.6554946337809,5.09941320470093,50.628099217698,5.63984685582841,0.6457162595583,0.6430396047003,2020.80246171387,2020.80513836873,141600000,NA
1877,1880,0.000657630380500041,50.6554946337809,5.09941320470093,50.6559483709537,5.10003859038536,0.6436972350808,0.6430396047003,2020.80246171387,2020.80311934425,141600000,NA
1878,1357,0.00360480065900004,50.628099217698,5.63984685582841,50.6276537183704,5.63966673775413,0.6493210602173,0.6457162595583,2020.80513836873,2020.80874316939,141600000,hCoV-19/Belgium/ULG-10540/2020|EPI_ISL_626286|2020-10-23|Europe
1880,1360,0.06300087432,50.6559483709537,5.10003859038536,50.6552614571555,5.09865948794136,0.7066981094008,0.6436972350808,2020.80311934425,2020.86612021857,141600000,hCoV-19/Belgium/ULG-10833/2020|EPI_ISL_661250|2020-11-13|Europe
1880,1361,0.06300087432,50.6559483709537,5.10003859038536,50.6469014093135,5.0821926805075,0.7066981094008,0.6436972350808,2020.80311934425,2020.86612021857,141600000,hCoV-19/Belgium/ULG-10825/2020|EPI_ISL_661246|2020-11-13|Europe
1884,1365,0.02735686469,50.6206275862281,5.6315444012953,50.4106375853378,5.46559313146515,0.5454959236243,0.5181390589343,2020.6775611681,2020.70491803279,141600000,hCoV-19/Belgium/ULG-10728/2020|EPI_ISL_641570|2020-09-15|Europe
1884,1366,3.44603169699642e-05,50.6206275862281,5.6315444012953,50.6206200597745,5.63152793349162,0.51817351925127,0.5181390589343,2020.6775611681,2020.67759562842,141600000,hCoV-19/Belgium/ULG-10619/2020|EPI_ISL_626252|2020-09-05|Europe
1885,1886,0.01810078457,50.6070380217617,5.56726765224936,50.5571578126923,5.45034540871128,0.5280764921003,0.5099757075303,2020.6693978167,2020.68749860127,141600000,NA
1886,1887,0.00030594190300004,50.5571578126923,5.45034540871128,50.5551612794074,5.45033170335402,0.5283824340033,0.5280764921003,2020.68749860127,2020.68780454317,141600000,NA
1886,1907,7.11356545799458e-05,50.5571578126923,5.45034540871128,50.5571082526472,5.45031411076777,0.52814762775488,0.5280764921003,2020.68749860127,2020.68756973692,141600000,NA
1887,1888,0.000614801099000029,50.5551612794074,5.45033170335402,50.5446291407631,5.73558637215874,0.5289972351023,0.5283824340033,2020.68780454317,2020.68841934427,141600000,NA
1887,1894,0.000614801099000029,50.5551612794074,5.45033170335402,50.5446291407631,5.73558637215874,0.5289972351023,0.5283824340033,2020.68780454317,2020.68841934427,141600000,NA
1888,1367,0.1858975956,50.5446291407631,5.73558637215874,50.5477920277204,5.7386879227196,0.7148948307023,0.5289972351023,2020.68841934427,2020.87431693987,141600000,hCoV-19/Belgium/ULG-10791/2020|EPI_ISL_661226|2020-11-16|Europe
1888,1889,0.02757,50.5446291407631,5.73558637215874,50.5447978688654,5.73497910178096,0.5565672351023,0.5289972351023,2020.68841934427,2020.71598934427,141600000,NA
1889,1891,0.02650701774,50.5447978688654,5.73497910178096,50.6000623281379,5.61057775337348,0.5830742528423,0.5565672351023,2020.71598934427,2020.74249636201,141600000,NA
1891,1893,0.000342982262599989,50.6000623281379,5.61057775337348,50.6001433663887,5.61036417132339,0.5834172351049,0.5830742528423,2020.74249636201,2020.74283934427,141600000,NA
1891,1892,0.01652298226,50.6000623281379,5.61057775337348,50.5895834612753,5.93044300265091,0.5995972351023,0.5830742528423,2020.74249636201,2020.75901934427,141600000,NA
1892,1371,0.04972382514,50.5895834612753,5.93044300265091,50.5841221278995,5.71751330332967,0.6493210602423,0.5995972351023,2020.75901934427,2020.80874316941,141600000,hCoV-19/Belgium/ULG-10577/2020|EPI_ISL_626333|2020-10-23|Europe
1892,1370,0.05792054645,50.5895834612753,5.93044300265091,50.5896900221041,5.92907271068493,0.6575177815523,0.5995972351023,2020.75901934427,2020.81693989072,141600000,hCoV-19/Belgium/ULG-10711/2020|EPI_ISL_636682|2020-10-26|Europe
1893,1372,0.1314775956,50.6001433663887,5.61036417132339,50.409262663254,5.68375931982191,0.7148948307049,0.5834172351049,2020.74283934427,2020.87431693987,141600000,hCoV-19/Belgium/ULG-10789/2020|EPI_ISL_661224|2020-11-16|Europe
1893,1373,0.07136830601,50.6001433663887,5.61036417132339,50.6003746236119,5.60929855585009,0.6547855411149,0.5834172351049,2020.74283934427,2020.81420765028,141600000,hCoV-19/Belgium/ULG-10637/2020|EPI_ISL_636615|2020-10-25|Europe
1894,1895,0.04475548578,50.5446291407631,5.73558637215874,50.5567678847049,5.45167182005349,0.5737527208823,0.5289972351023,2020.68841934427,2020.73317483005,141600000,NA
1894,1900,0.07063537573,50.5446291407631,5.73558637215874,50.5571344926371,5.44814348749739,0.5996326108323,0.5289972351023,2020.68841934427,2020.75905472,141600000,NA
1895,1899,0.000574514216299948,50.5567678847049,5.45167182005349,50.5567829237377,5.45169781875509,0.5743272350986,0.5737527208823,2020.73317483005,2020.73374934427,141600000,NA
1895,1896,0.0449089678,50.5567678847049,5.45167182005349,50.5253358568612,5.17802785419906,0.6186616886823,0.5737527208823,2020.73317483005,2020.77808379785,141600000,NA
1896,1898,0.00039554641390005,50.5253358568612,5.17802785419906,50.5252232860315,5.17836896510546,0.6190572350962,0.6186616886823,2020.77808379785,2020.77847934426,141600000,NA
1896,1897,0.0286455464100001,50.5253358568612,5.17802785419906,50.525541402806,5.1790842556081,0.6473072350923,0.6186616886823,2020.77808379785,2020.80672934426,141600000,NA
1897,1374,0.02387174863,50.525541402806,5.1790842556081,50.5542056684629,5.17356199326415,0.6711789837223,0.6473072350923,2020.80672934426,2020.83060109289,141600000,hCoV-19/Belgium/ULG-10778/2020|EPI_ISL_644624|2020-10-31|Europe
1897,1375,0.01021054645,50.525541402806,5.1790842556081,50.5265154504613,5.16001874099776,0.6575177815423,0.6473072350923,2020.80672934426,2020.81693989071,141600000,hCoV-19/Belgium/ULG-10671/2020|EPI_ISL_636646|2020-10-26|Europe
1898,1377,0.08764087432,50.5252232860315,5.17836896510546,50.5241558375129,5.17977753155056,0.7066981094162,0.6190572350962,2020.77847934426,2020.86612021858,141600000,hCoV-19/Belgium/ULG-10824/2020|EPI_ISL_661217|2020-11-13|Europe
1898,1376,0.03846054645,50.5252232860315,5.17836896510546,50.5027159429289,5.3670105091747,0.6575177815462,0.6190572350962,2020.77847934426,2020.81693989071,141600000,hCoV-19/Belgium/ULG-10710/2020|EPI_ISL_636681|2020-10-26|Europe
1899,1378,0.08319054645,50.5567829237377,5.45169781875509,50.5542860094608,5.49898752381617,0.6575177815486,0.5743272350986,2020.73374934427,2020.81693989072,141600000,hCoV-19/Belgium/ULG-10648/2020|EPI_ISL_636626|2020-10-26|Europe
1899,1379,0.08319054645,50.5567829237377,5.45169781875509,50.6465521610864,5.68743130876826,0.6575177815486,0.5743272350986,2020.73374934427,2020.81693989072,141600000,hCoV-19/Belgium/ULG-10633/2020|EPI_ISL_636612|2020-10-26|Europe
1900,1902,0.000314624266700037,50.5571344926371,5.44814348749739,50.5571797303901,5.44797159460737,0.599947235099,0.5996326108323,2020.75905472,2020.75936934427,141600000,NA
1900,1901,0.000314624266700037,50.5571344926371,5.44814348749739,50.5571797303901,5.44797159460737,0.599947235099,0.5996326108323,2020.75905472,2020.75936934427,141600000,NA
1901,1380,0.07123174863,50.5571797303901,5.44797159460737,50.5167201535775,5.1141962437101,0.671178983729,0.599947235099,2020.75936934427,2020.8306010929,141600000,hCoV-19/Belgium/ULG-10770/2020|EPI_ISL_644616|2020-10-31|Europe
1901,1381,0.04937382514,50.5571797303901,5.44797159460737,50.6160824341985,5.40462659205762,0.649321060239,0.599947235099,2020.75936934427,2020.80874316941,141600000,hCoV-19/Belgium/ULG-10685/2020|EPI_ISL_636657|2020-10-23|Europe
1902,1903,0.04573757993,50.5571797303901,5.44797159460737,50.5704297301523,5.4344188813628,0.645684815029,0.599947235099,2020.75936934427,2020.8051069242,141600000,NA
1902,1382,0.05757054645,50.5571797303901,5.44797159460737,50.4552231059993,5.63581014754982,0.657517781549,0.599947235099,2020.75936934427,2020.81693989072,141600000,hCoV-19/Belgium/ULG-10653/2020|EPI_ISL_636630|2020-10-26|Europe
1903,1383,0.02549416871,50.5704297301523,5.4344188813628,50.6219331790465,5.44853645428845,0.671178983739,0.645684815029,2020.8051069242,2020.83060109291,141600000,hCoV-19/Belgium/ULG-10773/2020|EPI_ISL_644619|2020-10-31|Europe
1903,1904,0.000467085562099956,50.5704297301523,5.4344188813628,50.5675600957321,5.44101064290853,0.6461519005911,0.645684815029,2020.8051069242,2020.80557400976,141600000,NA
1904,1384,0.06874293014,50.5675600957321,5.44101064290853,50.3818383668673,5.67471744043151,0.7148948307311,0.6461519005911,2020.80557400976,2020.8743169399,141600000,hCoV-19/Belgium/ULG-10787/2020|EPI_ISL_661222|2020-11-16|Europe
1904,1905,0.000456475691700042,50.5675600957321,5.44101064290853,50.5673849384908,5.44128175038402,0.6466083762828,0.6461519005911,2020.80557400976,2020.80603048545,141600000,NA
1905,1385,0.0109094052699999,50.5673849384908,5.44128175038402,50.5351341842135,5.49288229031616,0.6575177815528,0.6466083762828,2020.80603048545,2020.81693989072,141600000,hCoV-19/Belgium/ULG-10689/2020|EPI_ISL_636661|2020-10-26|Europe
1905,1906,0.000168858817899964,50.5673849384908,5.44128175038402,50.5673504287339,5.44112590058372,0.6467772351007,0.6466083762828,2020.80603048545,2020.80619934427,141600000,NA
1906,1386,0.01074054645,50.5673504287339,5.44112590058372,50.5158253516329,5.14454428378979,0.6575177815507,0.6467772351007,2020.80619934427,2020.81693989072,141600000,hCoV-19/Belgium/ULG-10700/2020|EPI_ISL_636672|2020-10-26|Europe
1906,1387,0.0708498360700001,50.5673504287339,5.44112590058372,50.6901715802088,5.50675501799134,0.7176270711707,0.6467772351007,2020.80619934427,2020.87704918034,141600000,hCoV-19/Belgium/ULG-10817/2020|EPI_ISL_661241|2020-11-17|Europe
1907,1956,0.000140808800500047,50.5571082526472,5.45031411076777,50.5587452061741,5.44768565829834,0.52828843655538,0.52814762775488,2020.68756973692,2020.68771054572,141600000,NA
1907,1908,0.000849607347400028,50.5571082526472,5.45031411076777,50.5571419795462,5.45033808948738,0.52899723510228,0.52814762775488,2020.68756973692,2020.68841934427,141600000,NA
1908,1909,0.01860549549,50.5571419795462,5.45033808948738,50.5563870753775,5.45131429079147,0.54760273059228,0.52899723510228,2020.68841934427,2020.70702483976,141600000,NA
1908,1916,0.00227999999999995,50.5571419795462,5.45033808948738,50.6000276855977,5.49751989171164,0.53127723510228,0.52899723510228,2020.68841934427,2020.69069934427,141600000,NA
1909,1910,0.00830352919400001,50.5563870753775,5.45131429079147,50.5563204397581,5.45170373151314,0.55590625978628,0.54760273059228,2020.70702483976,2020.71532836895,141600000,NA
1909,1914,1.45045101499486e-05,50.5563870753775,5.45131429079147,50.5563890337202,5.4513142414999,0.54761723510243,0.54760273059228,2020.70702483976,2020.70703934427,141600000,NA
1910,1388,0.000518625588900035,50.5563204397581,5.45170373151314,50.6779478355774,5.61837122080126,0.55642488537518,0.55590625978628,2020.71532836895,2020.71584699454,141600000,hCoV-19/Belgium/ULG-10745/2020|EPI_ISL_641587|2020-09-19|Europe
1910,1911,0.00647097531600005,50.5563204397581,5.45170373151314,50.5560860635692,5.45147542679459,0.56237723510228,0.55590625978628,2020.71532836895,2020.72179934427,141600000,NA
1911,1912,0.00175000000000003,50.5560860635692,5.45147542679459,50.5042916501885,5.19525887495755,0.56412723510228,0.56237723510228,2020.72179934427,2020.72354934427,141600000,NA
1911,1913,0.03722,50.5560860635692,5.45147542679459,50.5590653568912,5.45259135982659,0.59959723510228,0.56237723510228,2020.72179934427,2020.75901934427,141600000,NA
1912,1390,0.00322661202200003,50.5042916501885,5.19525887495755,50.543162104081,5.31296388042737,0.56735384712428,0.56412723510228,2020.72354934427,2020.72677595629,141600000,hCoV-19/Belgium/ULG-10483/2020|EPI_ISL_581648|2020-09-23|Europe
1912,1389,0.000494371584800035,50.5042916501885,5.19525887495755,50.5041019391143,5.19523730876181,0.56462160668708,0.56412723510228,2020.72354934427,2020.72404371586,141600000,hCoV-19/Belgium/ULG-10472/2020|EPI_ISL_581578|2020-09-22|Europe
1913,1392,0.04972382514,50.5590653568912,5.45259135982659,50.5583995661127,5.44685038524003,0.64932106024228,0.59959723510228,2020.75901934427,2020.80874316941,141600000,hCoV-19/Belgium/ULG-10593/2020|EPI_ISL_626270|2020-10-23|Europe
1913,1391,0.04972382514,50.5590653568912,5.45259135982659,50.6379216369174,5.6615195987151,0.64932106024228,0.59959723510228,2020.75901934427,2020.80874316941,141600000,hCoV-19/Belgium/ULG-10598/2020|EPI_ISL_626296|2020-10-23|Europe
1914,1915,0.01966202256,50.5563890337202,5.4513142414999,50.5701262720827,5.32153440301704,0.56727925766243,0.54761723510243,2020.70703934427,2020.72670136683,141600000,NA
1914,1393,0.1099005464,50.5563890337202,5.4513142414999,50.6070707081562,5.53608255962017,0.65751778150243,0.54761723510243,2020.70703934427,2020.81693989067,141600000,hCoV-19/Belgium/ULG-10691/2020|EPI_ISL_636663|2020-10-26|Europe
1915,1394,7.45894573800365e-05,50.5701262720827,5.32153440301704,50.5583396472966,5.33133427012197,0.56735384711981,0.56727925766243,2020.72670136683,2020.72677595629,141600000,hCoV-19/Belgium/ULG-10491/2020|EPI_ISL_581582|2020-09-23|Europe
1915,1395,7.45894573800365e-05,50.5701262720827,5.32153440301704,50.5701381230236,5.32162535354766,0.56735384711981,0.56727925766243,2020.72670136683,2020.72677595629,141600000,hCoV-19/Belgium/ULG-10489/2020|EPI_ISL_581652|2020-09-23|Europe
1916,1917,0.00327,50.6000276855977,5.49751989171164,50.6002465172824,5.49722844232624,0.53454723510228,0.53127723510228,2020.69069934427,2020.69396934427,141600000,NA
1916,1396,0.1262405464,50.6000276855977,5.49751989171164,50.6717707257741,5.92358487373281,0.65751778150228,0.53127723510228,2020.69069934427,2020.81693989067,141600000,hCoV-19/Belgium/ULG-10663/2020|EPI_ISL_636640|2020-10-26|Europe
1917,1918,0.00258999999999998,50.6002465172824,5.49722844232624,50.6005049128057,5.49749462025032,0.53713723510228,0.53454723510228,2020.69396934427,2020.69655934427,141600000,NA
1917,1397,0.1830798361,50.6002465172824,5.49722844232624,50.4367675847851,5.53419925933395,0.71762707120228,0.53454723510228,2020.69396934427,2020.87704918037,141600000,hCoV-19/Belgium/ULG-10814/2020|EPI_ISL_661239|2020-11-17|Europe
1918,1926,0.00255000000000005,50.6005049128057,5.49749462025032,50.6000935391782,5.49773311119967,0.53968723510228,0.53713723510228,2020.69655934427,2020.69910934427,141600000,NA
1918,1919,0.08722,50.6005049128057,5.49749462025032,50.6680600026885,5.60328304620726,0.62435723510228,0.53713723510228,2020.69655934427,2020.78377934427,141600000,NA
1919,1920,0.0208,50.6680600026885,5.60328304620726,50.6672037576556,5.60475167439805,0.64515723510228,0.62435723510228,2020.78377934427,2020.80457934427,141600000,NA
1920,1923,0.000680000000000014,50.6672037576556,5.60475167439805,50.6671744568374,5.60489137958975,0.64583723510228,0.64515723510228,2020.80457934427,2020.80525934427,141600000,NA
1920,1921,0.000689999999999968,50.6672037576556,5.60475167439805,50.546669042005,5.39620544607468,0.64584723510228,0.64515723510228,2020.80457934427,2020.80526934427,141600000,NA
1921,1922,7.00000000000145e-05,50.546669042005,5.39620544607468,50.5466576971228,5.39619052933355,0.64591723510228,0.64584723510228,2020.80526934427,2020.80533934427,141600000,NA
1922,1400,0.00340382513699999,50.5466576971228,5.39619052933355,50.5465584838845,5.39615464419853,0.64932106023928,0.64591723510228,2020.80533934427,2020.80874316941,141600000,hCoV-19/Belgium/ULG-10517/2020|EPI_ISL_626276|2020-10-23|Europe
1923,1402,0.00348382513699996,50.6671744568374,5.60489137958975,50.6930786715917,5.63192670539362,0.64932106023928,0.64583723510228,2020.80525934427,2020.80874316941,141600000,hCoV-19/Belgium/ULG-10516/2020|EPI_ISL_626260|2020-10-23|Europe
1923,1924,7.00000000000145e-05,50.6671744568374,5.60489137958975,50.5466576971228,5.39619052933355,0.64590723510228,0.64583723510228,2020.80525934427,2020.80532934427,141600000,NA
1924,1925,9.99999999995449e-06,50.5466576971228,5.39619052933355,50.667143371048,5.60493079181943,0.64591723510228,0.64590723510228,2020.80532934427,2020.80533934427,141600000,NA
1924,1403,0.00341382513699995,50.5466576971228,5.39619052933355,50.6671600571783,5.60505823427001,0.64932106023928,0.64590723510228,2020.80532934427,2020.80874316941,141600000,hCoV-19/Belgium/ULG-10508/2020|EPI_ISL_626259|2020-10-23|Europe
1925,1404,0.00340382513699999,50.667143371048,5.60493079181943,50.5049725420701,5.63974107609657,0.64932106023928,0.64591723510228,2020.80533934427,2020.80874316941,141600000,hCoV-19/Belgium/ULG-10568/2020|EPI_ISL_626275|2020-10-23|Europe
1925,1405,0.00340382513699999,50.667143371048,5.60493079181943,50.5005900620283,5.72775941584397,0.64932106023928,0.64591723510228,2020.80533934427,2020.80874316941,141600000,hCoV-19/Belgium/ULG-10554/2020|EPI_ISL_626272|2020-10-23|Europe
1926,1928,0.00243000000000004,50.6000935391782,5.49773311119967,50.599981065172,5.49757459599343,0.54211723510228,0.53968723510228,2020.69910934427,2020.70153934427,141600000,NA
1926,1927,0.10644,50.6000935391782,5.49773311119967,50.5991075327165,5.49730282685449,0.64612723510228,0.53968723510228,2020.69910934427,2020.80554934427,141600000,NA
1927,1406,0.07149983607,50.5991075327165,5.49730282685449,50.6007961105305,5.49789786893236,0.71762707117228,0.64612723510228,2020.80554934427,2020.87704918034,141600000,hCoV-19/Belgium/ULG-10813/2020|EPI_ISL_661238|2020-11-17|Europe
1927,1407,0.06876759563,50.5991075327165,5.49730282685449,50.7155182578649,5.39322891841746,0.71489483073228,0.64612723510228,2020.80554934427,2020.8743169399,141600000,hCoV-19/Belgium/ULG-10783/2020|EPI_ISL_661219|2020-11-16|Europe
1928,1408,0.1072038251,50.599981065172,5.49757459599343,50.6918498449998,5.69897343026611,0.64932106020228,0.54211723510228,2020.70153934427,2020.80874316937,141600000,hCoV-19/Belgium/ULG-10558/2020|EPI_ISL_626283|2020-10-23|Europe
1928,1929,0.00229000000000001,50.599981065172,5.49757459599343,50.6344665622587,5.60439614037034,0.54440723510228,0.54211723510228,2020.70153934427,2020.70382934427,141600000,NA
1929,1930,0.002645003127,50.6344665622587,5.60439614037034,50.5836494856095,5.51193798636759,0.54705223822928,0.54440723510228,2020.70382934427,2020.7064743474,141600000,NA
1929,1935,0.00239,50.6344665622587,5.60439614037034,50.5837927658073,5.51235763829284,0.54679723510228,0.54440723510228,2020.70382934427,2020.70621934427,141600000,NA
1930,1932,0.00062311725340003,50.5836494856095,5.51193798636759,50.583621014516,5.51192034710709,0.54767535548268,0.54705223822928,2020.7064743474,2020.70709746465,141600000,NA
1930,1931,0.00027499687260002,50.5836494856095,5.51193798636759,50.5834950186335,5.51204841279439,0.54732723510188,0.54705223822928,2020.7064743474,2020.70674934427,141600000,NA
1931,1409,0.1101905464,50.5834950186335,5.51204841279439,50.5821495137834,5.51419735920691,0.65751778150188,0.54732723510188,2020.70674934427,2020.81693989067,141600000,hCoV-19/Belgium/ULG-10707/2020|EPI_ISL_636679|2020-10-26|Europe
1931,1410,0.1019938251,50.5834950186335,5.51204841279439,50.6640802149655,5.58997457161775,0.64932106020188,0.54732723510188,2020.70674934427,2020.80874316937,141600000,hCoV-19/Belgium/ULG-10514/2020|EPI_ISL_626282|2020-10-23|Europe
1932,1933,0.07134187962,50.583621014516,5.51192034710709,50.5884949546493,5.63136571383759,0.61901723510268,0.54767535548268,2020.70709746465,2020.77843934427,141600000,NA
1932,1934,5.187961916997e-05,50.583621014516,5.51192034710709,50.5836140957182,5.5118978006904,0.54772723510185,0.54767535548268,2020.70709746465,2020.70714934427,141600000,NA
1933,1411,0.03030382514,50.5884949546493,5.63136571383759,50.6424535486661,5.69704675833811,0.64932106024268,0.61901723510268,2020.77843934427,2020.80874316941,141600000,hCoV-19/Belgium/ULG-10564/2020|EPI_ISL_626309|2020-10-23|Europe
1933,1412,0.03030382514,50.5884949546493,5.63136571383759,50.5887349822719,5.6313252090197,0.64932106024268,0.61901723510268,2020.77843934427,2020.80874316941,141600000,hCoV-19/Belgium/ULG-10566/2020|EPI_ISL_626308|2020-10-23|Europe
1934,1413,0.1097905464,50.5836140957182,5.5118978006904,50.5155036826168,5.2367709661605,0.65751778150185,0.54772723510185,2020.70714934427,2020.81693989067,141600000,hCoV-19/Belgium/ULG-10658/2020|EPI_ISL_636635|2020-10-26|Europe
1934,1414,0.1015938251,50.5836140957182,5.5118978006904,50.5699769674813,5.63995527026282,0.64932106020185,0.54772723510185,2020.70714934427,2020.80874316937,141600000,hCoV-19/Belgium/ULG-10537/2020|EPI_ISL_626291|2020-10-23|Europe
1935,1936,0.05198212623,50.5837927658073,5.51235763829284,50.6146921215095,5.65948418764689,0.59877936133228,0.54679723510228,2020.70621934427,2020.7582014705,141600000,NA
1935,1939,0.00233000000000005,50.5837927658073,5.51235763829284,50.5837611604452,5.51233848826834,0.54912723510228,0.54679723510228,2020.70621934427,2020.70854934427,141600000,NA
1936,1937,0.000747873771099972,50.6146921215095,5.65948418764689,50.6145043823484,5.65932280699736,0.59952723510338,0.59877936133228,2020.7582014705,2020.75894934427,141600000,NA
1936,1938,0.000807873771100032,50.6146921215095,5.65948418764689,50.6148221387673,5.6594276684218,0.59958723510338,0.59877936133228,2020.7582014705,2020.75900934427,141600000,NA
1937,1416,0.05799054645,50.6145043823484,5.65932280699736,50.4481427290508,5.28182480340424,0.65751778155338,0.59952723510338,2020.75894934427,2020.81693989072,141600000,hCoV-19/Belgium/ULG-10665/2020|EPI_ISL_636641|2020-10-26|Europe
1937,1415,0.06072278689,50.6145043823484,5.65932280699736,50.6138220809216,5.65820538208171,0.66025002199338,0.59952723510338,2020.75894934427,2020.81967213116,141600000,hCoV-19/Belgium/ULG-10640/2020|EPI_ISL_636618|2020-10-27|Europe
1938,1417,0.05793054645,50.6148221387673,5.6594276684218,50.6182107915886,5.6940548624681,0.65751778155338,0.59958723510338,2020.75900934427,2020.81693989072,141600000,hCoV-19/Belgium/ULG-10626/2020|EPI_ISL_636605|2020-10-26|Europe
1938,1418,0.05793054645,50.6148221387673,5.6594276684218,50.6342398030323,5.5788103955814,0.65751778155338,0.59958723510338,2020.75900934427,2020.81693989072,141600000,hCoV-19/Belgium/ULG-10688/2020|EPI_ISL_636660|2020-10-26|Europe
1939,1942,0.00139170445100001,50.5837611604452,5.51233848826834,50.5974420635214,5.58105806175576,0.55051893955328,0.54912723510228,2020.70854934427,2020.70994104872,141600000,NA
1939,1940,7.00000000000145e-05,50.5837611604452,5.51233848826834,50.5466576971228,5.39619052933355,0.54919723510228,0.54912723510228,2020.70854934427,2020.70861934427,141600000,NA
1940,1941,0.0970300000000001,50.5466576971228,5.39619052933355,50.4659036391797,5.42997612646393,0.64622723510228,0.54919723510228,2020.70861934427,2020.80564934427,141600000,NA
1940,1419,0.1083205464,50.5466576971228,5.39619052933355,50.5894641842229,5.43445593707657,0.65751778150228,0.54919723510228,2020.70861934427,2020.81693989067,141600000,hCoV-19/Belgium/ULG-10696/2020|EPI_ISL_636668|2020-10-26|Europe
1941,1421,0.00309382513699996,50.4659036391797,5.42997612646393,50.4662392028228,5.43032502473623,0.64932106023928,0.64622723510228,2020.80564934427,2020.80874316941,141600000,hCoV-19/Belgium/ULG-10529/2020|EPI_ISL_626300|2020-10-23|Europe
1941,1420,0.02495174863,50.4659036391797,5.42997612646393,50.6217108611399,5.65334075323635,0.67117898373228,0.64622723510228,2020.80564934427,2020.8306010929,141600000,hCoV-19/Belgium/ULG-10767/2020|EPI_ISL_644613|2020-10-31|Europe
1942,1943,0.000938295549499979,50.5974420635214,5.58105806175576,50.5939416849583,5.58324503709255,0.55145723510278,0.55051893955328,2020.70994104872,2020.71087934427,141600000,NA
1942,1422,0.1206600442,50.5974420635214,5.58105806175576,50.5355712655627,5.31407518191432,0.67117898375328,0.55051893955328,2020.70994104872,2020.83060109292,141600000,hCoV-19/Belgium/ULG-10779/2020|EPI_ISL_644625|2020-10-31|Europe
1943,1944,0.00312999999999997,50.5939416849583,5.58324503709255,50.6354951441548,5.56626259269446,0.55458723510278,0.55145723510278,2020.71087934427,2020.71400934427,141600000,NA
1943,1423,0.00223540983600001,50.5939416849583,5.58324503709255,50.5263654892215,5.41460682039749,0.55369264493878,0.55145723510278,2020.71087934427,2020.71311475411,141600000,hCoV-19/Belgium/ULG-10731/2020|EPI_ISL_641573|2020-09-18|Europe
1944,1945,0.00396722941500005,50.6354951441548,5.56626259269446,50.6356723176991,5.56576965267824,0.55855446451778,0.55458723510278,2020.71400934427,2020.71797657369,141600000,NA
1944,1948,0.00780000000000003,50.6354951441548,5.56626259269446,50.6365018638794,5.56637514120864,0.56238723510278,0.55458723510278,2020.71400934427,2020.72180934427,141600000,NA
1945,1424,0.000602661294999973,50.6356723176991,5.56576965267824,50.5957514844159,5.3432905160418,0.55915712581278,0.55855446451778,2020.71797657369,2020.71857923498,141600000,hCoV-19/Belgium/ULG-10760/2020|EPI_ISL_641602|2020-09-20|Europe
1945,1946,0.00322277058499998,50.6356723176991,5.56576965267824,50.6353215078421,5.56869827185075,0.56177723510278,0.55855446451778,2020.71797657369,2020.72119934427,141600000,NA
1946,1425,0.00284437158499995,50.6353215078421,5.56869827185075,50.6353263332999,5.56880652750774,0.56462160668778,0.56177723510278,2020.72119934427,2020.72404371586,141600000,hCoV-19/Belgium/ULG-10474/2020|EPI_ISL_581643|2020-09-22|Europe
1946,1947,0.0850299999999999,50.6353215078421,5.56869827185075,50.4961571979596,5.73541642038666,0.64680723510278,0.56177723510278,2020.72119934427,2020.80622934427,141600000,NA
1947,1427,0.06808759563,50.4961571979596,5.73541642038666,50.4201201724153,5.69622296741288,0.71489483073278,0.64680723510278,2020.80622934427,2020.8743169399,141600000,hCoV-19/Belgium/ULG-10781/2020|EPI_ISL_661218|2020-11-16|Europe
1947,1426,0.06808759563,50.4961571979596,5.73541642038666,50.4957192478527,5.73574733651057,0.71489483073278,0.64680723510278,2020.80622934427,2020.8743169399,141600000,hCoV-19/Belgium/ULG-10790/2020|EPI_ISL_661225|2020-11-16|Europe
1948,1949,0.00175000000000003,50.6365018638794,5.56637514120864,50.5042916501885,5.19525887495755,0.56413723510278,0.56238723510278,2020.72180934427,2020.72355934427,141600000,NA
1948,1950,0.00341000000000002,50.6365018638794,5.56637514120864,50.6364230744497,5.56757105359869,0.56579723510278,0.56238723510278,2020.72180934427,2020.72521934427,141600000,NA
1949,1429,0.00321661202199996,50.5042916501885,5.19525887495755,50.4777838226296,5.57038683902435,0.56735384712478,0.56413723510278,2020.72355934427,2020.72677595629,141600000,hCoV-19/Belgium/ULG-10476/2020|EPI_ISL_581645|2020-09-23|Europe
1949,1428,0.00048437158479997,50.5042916501885,5.19525887495755,50.639758072339,5.63110684815471,0.56462160668758,0.56413723510278,2020.72355934427,2020.72404371586,141600000,hCoV-19/Belgium/ULG-10475/2020|EPI_ISL_581644|2020-09-22|Europe
1950,1430,0.00155661202199997,50.6364230744497,5.56757105359869,50.5457841133508,5.46900097373451,0.56735384712478,0.56579723510278,2020.72521934427,2020.72677595629,141600000,hCoV-19/Belgium/ULG-10497/2020|EPI_ISL_581659|2020-09-23|Europe
1950,1951,0.00624999999999998,50.6364230744497,5.56757105359869,50.6309903696132,5.56402572890005,0.57204723510278,0.56579723510278,2020.72521934427,2020.73146934427,141600000,NA
1951,1431,0.000771092896100001,50.6309903696132,5.56402572890005,50.7123208477937,5.61474349011932,0.57281832799888,0.57204723510278,2020.73146934427,2020.73224043717,141600000,hCoV-19/Belgium/ULG-10504/2020|EPI_ISL_581666|2020-09-25|Europe
1951,1952,0.06879,50.6309903696132,5.56402572890005,50.630265692503,5.56291344340072,0.64083723510278,0.57204723510278,2020.73146934427,2020.80025934427,141600000,NA
1952,1432,0.03580622951,50.630265692503,5.56291344340072,50.6302314465043,5.56287684677226,0.67664346461278,0.64083723510278,2020.80025934427,2020.83606557378,141600000,hCoV-19/Belgium/ULG-10769/2020|EPI_ISL_644615|2020-11-02|Europe
1952,1953,0.00209999999999999,50.630265692503,5.56291344340072,50.6298695555414,5.56315637049889,0.64293723510278,0.64083723510278,2020.80025934427,2020.80235934427,141600000,NA
1953,1433,0.00638382513699998,50.6298695555414,5.56315637049889,50.6075620763153,5.83235305461489,0.64932106023978,0.64293723510278,2020.80235934427,2020.80874316941,141600000,hCoV-19/Belgium/ULG-10539/2020|EPI_ISL_626265|2020-10-23|Europe
1956,1957,0.00070879854689998,50.5587452061741,5.44768565829834,50.5799941266336,5.45924127012081,0.52899723510228,0.52828843655538,2020.68771054572,2020.68841934427,141600000,NA
1956,1958,0.00070879854689998,50.5587452061741,5.44768565829834,50.5799941266336,5.45924127012081,0.52899723510228,0.52828843655538,2020.68771054572,2020.68841934427,141600000,NA
1957,1438,0.1886298361,50.5799941266336,5.45924127012081,50.5085222137327,5.2215643589394,0.71762707120228,0.52899723510228,2020.68841934427,2020.87704918037,141600000,hCoV-19/Belgium/ULG-10812/2020|EPI_ISL_661237|2020-11-17|Europe
1957,1437,0.1203238251,50.5799941266336,5.45924127012081,50.612738844774,5.64509658361433,0.64932106020228,0.52899723510228,2020.68841934427,2020.80874316937,141600000,hCoV-19/Belgium/ULG-10589/2020|EPI_ISL_626295|2020-10-23|Europe
1958,1439,0.03015989071,50.5799941266336,5.45924127012081,50.5401873297938,5.33862042900267,0.55915712581228,0.52899723510228,2020.68841934427,2020.71857923498,141600000,hCoV-19/Belgium/ULG-10759/2020|EPI_ISL_641601|2020-09-20|Europe
1958,1440,0.1886298361,50.5799941266336,5.45924127012081,50.604016176696,5.62726191316655,0.71762707120228,0.52899723510228,2020.68841934427,2020.87704918037,141600000,hCoV-19/Belgium/ULG-10816/2020|EPI_ISL_661240|2020-11-17|Europe
1960,1961,0.0361900000000001,50.6068982512214,5.56688670536692,50.611505618561,5.53967681941687,0.5704172351022,0.5342272351022,2020.69364934427,2020.72983934427,141600000,NA
1960,1441,0.1150938251,50.6068982512214,5.56688670536692,50.6276706634644,5.62526884813351,0.6493210602022,0.5342272351022,2020.69364934427,2020.80874316937,141600000,hCoV-19/Belgium/ULG-10587/2020|EPI_ISL_626302|2020-10-23|Europe
1961,1442,0.08710054645,50.611505618561,5.53967681941687,50.5691396954383,5.7456131478458,0.6575177815522,0.5704172351022,2020.72983934427,2020.81693989072,141600000,hCoV-19/Belgium/ULG-10635/2020|EPI_ISL_636613|2020-10-26|Europe
1961,1962,0.0539499999999999,50.611505618561,5.53967681941687,50.6078412473878,5.50066016622848,0.6243672351022,0.5704172351022,2020.72983934427,2020.78378934427,141600000,NA
1962,1963,0.02289,50.6078412473878,5.50066016622848,50.6095568112704,5.50411286844034,0.6472572351022,0.6243672351022,2020.78378934427,2020.80667934427,141600000,NA
1962,1443,0.02495382514,50.6078412473878,5.50066016622848,50.6848161482307,5.28707587183834,0.6493210602422,0.6243672351022,2020.78378934427,2020.80874316941,141600000,hCoV-19/Belgium/ULG-10527/2020|EPI_ISL_626321|2020-10-23|Europe
1963,1444,0.06763759563,50.6095568112704,5.50411286844034,50.6077457173398,5.51081712675703,0.7148948307322,0.6472572351022,2020.80667934427,2020.8743169399,141600000,hCoV-19/Belgium/ULG-10784/2020|EPI_ISL_661220|2020-11-16|Europe
1963,1964,0.00051000000000001,50.6095568112704,5.50411286844034,50.6095835225412,5.50411187727521,0.6477672351022,0.6472572351022,2020.80667934427,2020.80718934427,141600000,NA
1964,1445,0.06985983607,50.6095835225412,5.50411187727521,50.6160290929667,5.48842459230435,0.7176270711722,0.6477672351022,2020.80718934427,2020.87704918034,141600000,hCoV-19/Belgium/ULG-10807/2020|EPI_ISL_661234|2020-11-17|Europe
1964,1446,0.0725920765,50.6095835225412,5.50411187727521,50.6997805066506,5.75266319824651,0.7203593116022,0.6477672351022,2020.80718934427,2020.87978142077,141600000,hCoV-19/Belgium/ULG-10819/2020|EPI_ISL_661242|2020-11-18|Europe
1965,1966,0.000904151622600047,50.6070210710249,5.56915355200094,50.6070553056712,5.56907409652775,0.5345672351048,0.5336630834822,2020.69308519265,2020.69398934427,141600000,NA
1965,1967,0.000904151622600047,50.6070210710249,5.56915355200094,50.6070553056712,5.56907409652775,0.5345672351048,0.5336630834822,2020.69308519265,2020.69398934427,141600000,NA
1967,1968,0.0188293267,50.6070553056712,5.56907409652775,50.6126627419154,5.63914543997053,0.5533965618048,0.5345672351048,2020.69398934427,2020.71281867097,141600000,NA
1967,1970,0.00573000000000001,50.6070553056712,5.56907409652775,50.593488231953,5.59338041100289,0.5402972351048,0.5345672351048,2020.69398934427,2020.69971934427,141600000,NA
1968,1969,0.000310673300999986,50.6126627419154,5.63914543997053,50.6126785944648,5.63924901005344,0.5537072351058,0.5533965618048,2020.71281867097,2020.71312934427,141600000,NA
1968,1449,0.000296083137000025,50.6126627419154,5.63914543997053,50.6543348581488,5.63897451611862,0.5536926449418,0.5533965618048,2020.71281867097,2020.71311475411,141600000,hCoV-19/Belgium/ULG-10739/2020|EPI_ISL_641581|2020-09-18|Europe
1969,1451,0.1639198361,50.6126785944648,5.63924901005344,50.6124678729653,5.64185399780554,0.7176270712058,0.5537072351058,2020.71312934427,2020.87704918037,141600000,hCoV-19/Belgium/ULG-10801/2020|EPI_ISL_661231|2020-11-17|Europe
1969,1450,0.1038105464,50.6126785944648,5.63924901005344,50.5084004064937,5.45622742207624,0.6575177815058,0.5537072351058,2020.71312934427,2020.81693989067,141600000,hCoV-19/Belgium/ULG-10699/2020|EPI_ISL_636671|2020-10-26|Europe
1970,1452,0.00246644808800001,50.593488231953,5.59338041100289,50.4868743412912,5.35708137062963,0.5427636831928,0.5402972351048,2020.69971934427,2020.70218579236,141600000,hCoV-19/Belgium/ULG-10720/2020|EPI_ISL_641562|2020-09-14|Europe
1970,1971,0.00217000000000001,50.593488231953,5.59338041100289,50.5933331561314,5.59323327774039,0.5424672351048,0.5402972351048,2020.69971934427,2020.70188934427,141600000,NA
1971,1972,0.00238000000000005,50.5933331561314,5.59323327774039,50.5527299702024,5.55598459782222,0.5448472351048,0.5424672351048,2020.70188934427,2020.70426934427,141600000,NA
1971,1453,0.000296448087499956,50.5933331561314,5.59323327774039,50.5933486023387,5.5931656855027,0.5427636831923,0.5424672351048,2020.70188934427,2020.70218579236,141600000,hCoV-19/Belgium/ULG-10719/2020|EPI_ISL_641561|2020-09-14|Europe
1972,1974,0.00241999999999998,50.5527299702024,5.55598459782222,50.5531174419214,5.55604954557926,0.5472672351048,0.5448472351048,2020.70426934427,2020.70668934427,141600000,NA
1972,1973,0.10109,50.5527299702024,5.55598459782222,50.5499865770596,5.55835397908445,0.6459372351048,0.5448472351048,2020.70426934427,2020.80535934427,141600000,NA
1973,1455,0.00338382513699997,50.5499865770596,5.55835397908445,50.4703163651309,5.38294749997252,0.6493210602418,0.6459372351048,2020.80535934427,2020.80874316941,141600000,hCoV-19/Belgium/ULG-10549/2020|EPI_ISL_626278|2020-10-23|Europe
1973,1454,0.00338382513699997,50.5499865770596,5.55835397908445,50.5346490487757,5.57802225610454,0.6493210602418,0.6459372351048,2020.80535934427,2020.80874316941,141600000,hCoV-19/Belgium/ULG-10510/2020|EPI_ISL_626271|2020-10-23|Europe
1974,1975,0.03367505671,50.5531174419214,5.55604954557926,50.5525905246344,5.55597824836828,0.5809422918148,0.5472672351048,2020.70668934427,2020.74036440098,141600000,NA
1974,1981,0.001479543079,50.5531174419214,5.55604954557926,50.6187585687578,5.68671045483553,0.5487467781838,0.5472672351048,2020.70668934427,2020.70816888735,141600000,NA
1975,1977,1.49432873699507e-05,50.5525905246344,5.55597824836828,50.5525953249153,5.55597398314832,0.58095723510217,0.5809422918148,2020.74036440098,2020.74037934427,141600000,NA
1975,1976,1.49432873699507e-05,50.5525905246344,5.55597824836828,50.5525953249153,5.55597398314832,0.58095723510217,0.5809422918148,2020.74036440098,2020.74037934427,141600000,NA
1976,1457,0.0683638251400001,50.5525953249153,5.55597398314832,50.6887596965773,5.53095948941985,0.64932106024217,0.58095723510217,2020.74037934427,2020.80874316941,141600000,hCoV-19/Belgium/ULG-10580/2020|EPI_ISL_626255|2020-10-23|Europe
1976,1456,0.07656054645,50.5525953249153,5.55597398314832,50.43027174883,5.55461101483845,0.65751778155217,0.58095723510217,2020.74037934427,2020.81693989072,141600000,hCoV-19/Belgium/ULG-10655/2020|EPI_ISL_636632|2020-10-26|Europe
1977,1979,0.04353,50.5525953249153,5.55597398314832,50.5533449882528,5.55497871332626,0.62448723510217,0.58095723510217,2020.74037934427,2020.78390934427,141600000,NA
1977,1978,0.06636,50.5525953249153,5.55597398314832,50.5607760906259,5.40317906233053,0.64731723510217,0.58095723510217,2020.74037934427,2020.80673934427,141600000,NA
1978,1459,0.01020054645,50.5607760906259,5.40317906233053,50.5617251592854,5.40219705332138,0.65751778155217,0.64731723510217,2020.80673934427,2020.81693989072,141600000,hCoV-19/Belgium/ULG-10666/2020|EPI_ISL_636642|2020-10-26|Europe
1978,1458,0.01020054645,50.5607760906259,5.40317906233053,50.5577745000401,5.30313038526478,0.65751778155217,0.64731723510217,2020.80673934427,2020.81693989072,141600000,hCoV-19/Belgium/ULG-10667/2020|EPI_ISL_636643|2020-10-26|Europe
1979,1980,0.0219200000000001,50.5533449882528,5.55497871332626,50.6776796574227,5.66414672098449,0.64640723510217,0.62448723510217,2020.78390934427,2020.80582934427,141600000,NA
1979,1460,0.03576278689,50.5533449882528,5.55497871332626,50.5122878213215,5.56020476819084,0.66025002199217,0.62448723510217,2020.78390934427,2020.81967213116,141600000,hCoV-19/Belgium/ULG-10627/2020|EPI_ISL_636606|2020-10-27|Europe
1980,1461,0.01111054645,50.6776796574227,5.66414672098449,50.6158966556152,5.3857621008098,0.65751778155217,0.64640723510217,2020.80582934427,2020.81693989072,141600000,hCoV-19/Belgium/ULG-10650/2020|EPI_ISL_636628|2020-10-26|Europe
1980,1462,0.07121983607,50.6776796574227,5.66414672098449,50.6764854954827,5.66281088139094,0.71762707117217,0.64640723510217,2020.80582934427,2020.87704918034,141600000,hCoV-19/Belgium/ULG-10800/2020|EPI_ISL_661230|2020-11-17|Europe
1981,1982,0.05065045692,50.6187585687578,5.68671045483553,50.6168337343126,5.69037753796048,0.5993972351038,0.5487467781838,2020.70816888735,2020.75881934427,141600000,NA
1981,1986,0.000285002361400055,50.6187585687578,5.68671045483553,50.6188442606871,5.68661818089715,0.5490317805452,0.5487467781838,2020.70816888735,2020.70845388971,141600000,NA
1982,1983,0.00290000000000001,50.6168337343126,5.69037753796048,50.6166392022962,5.69042063227364,0.6022972351038,0.5993972351038,2020.75881934427,2020.76171934427,141600000,NA
1982,1463,0.04992382514,50.6168337343126,5.69037753796048,50.6449793187666,5.89491260907516,0.6493210602438,0.5993972351038,2020.75881934427,2020.80874316941,141600000,hCoV-19/Belgium/ULG-10545/2020|EPI_ISL_626306|2020-10-23|Europe
1983,1984,0.04501,50.6166392022962,5.69042063227364,50.6296309107747,5.68637880969043,0.6473072351038,0.6022972351038,2020.76171934427,2020.80672934427,141600000,NA
1983,1985,0.04569,50.6166392022962,5.69042063227364,50.5647692449074,5.74607069471239,0.6479872351038,0.6022972351038,2020.76171934427,2020.80740934427,141600000,NA
1984,1465,0.01021054645,50.6296309107747,5.68637880969043,50.620285785712,5.716030724286,0.6575177815538,0.6473072351038,2020.80672934427,2020.81693989072,141600000,hCoV-19/Belgium/ULG-10629/2020|EPI_ISL_636608|2020-10-26|Europe
1984,1464,0.00201382513699999,50.6296309107747,5.68637880969043,50.5892823515429,5.62700456996928,0.6493210602408,0.6473072351038,2020.80672934427,2020.80874316941,141600000,hCoV-19/Belgium/ULG-10506/2020|EPI_ISL_626297|2020-10-23|Europe
1985,1467,0.00679830601099995,50.5647692449074,5.74607069471239,50.5653011522031,5.74542649230729,0.6547855411148,0.6479872351038,2020.80740934427,2020.81420765028,141600000,hCoV-19/Belgium/ULG-10639/2020|EPI_ISL_636617|2020-10-25|Europe
1985,1466,0.02319174863,50.5647692449074,5.74607069471239,50.5771956401728,5.66276722220382,0.6711789837338,0.6479872351038,2020.80740934427,2020.8306010929,141600000,hCoV-19/Belgium/ULG-10765/2020|EPI_ISL_644611|2020-10-31|Europe
1986,1992,0.000805454559499985,50.6188442606871,5.68661818089715,50.6188483097869,5.68669227484945,0.5498372351047,0.5490317805452,2020.70845388971,2020.70925934427,141600000,NA
1986,1987,0.00223545455899998,50.6188442606871,5.68661818089715,50.6228399683445,5.61351265114695,0.5512672351042,0.5490317805452,2020.70845388971,2020.71068934427,141600000,NA
1987,1468,0.0980538251399999,50.6228399683445,5.61351265114695,50.6419958702203,5.66261310808719,0.6493210602442,0.5512672351042,2020.71068934427,2020.80874316941,141600000,hCoV-19/Belgium/ULG-10555/2020|EPI_ISL_626317|2020-10-23|Europe
1987,1988,0.00511845540300004,50.6228399683445,5.61351265114695,50.6301698558972,5.61890625187197,0.5563856905072,0.5512672351042,2020.71068934427,2020.71580779968,141600000,NA
1988,1989,0.00873154459699998,50.6301698558972,5.61890625187197,50.6303660576345,5.619544372993,0.5651172351042,0.5563856905072,2020.71580779968,2020.72453934427,141600000,NA
1988,1469,3.91948702199718e-05,50.6301698558972,5.61890625187197,50.6301836946592,5.61887144737416,0.55642488537742,0.5563856905072,2020.71580779968,2020.71584699455,141600000,hCoV-19/Belgium/ULG-10764/2020|EPI_ISL_641606|2020-09-19|Europe
1989,1990,0.00124999999999997,50.6303660576345,5.619544372993,50.6215364519454,5.54903212489408,0.5663672351042,0.5651172351042,2020.72453934427,2020.72578934427,141600000,NA
1989,1470,0.00223661202199998,50.6303660576345,5.619544372993,50.6473720888476,5.47723980928097,0.5673538471262,0.5651172351042,2020.72453934427,2020.72677595629,141600000,hCoV-19/Belgium/ULG-10499/2020|EPI_ISL_581661|2020-09-23|Europe
1990,1471,0.00098661202189998,50.6215364519454,5.54903212489408,50.6214699448646,5.54929542183494,0.5673538471261,0.5663672351042,2020.72578934427,2020.72677595629,141600000,hCoV-19/Belgium/ULG-10498/2020|EPI_ISL_581660|2020-09-23|Europe
1990,1991,0.08003,50.6215364519454,5.54903212489408,50.5859873634591,5.28768689645661,0.6463972351042,0.5663672351042,2020.72578934427,2020.80581934427,141600000,NA
1991,1473,0.07122983607,50.5859873634591,5.28768689645661,50.7108969923918,5.27360203799925,0.7176270711742,0.6463972351042,2020.80581934427,2020.87704918034,141600000,hCoV-19/Belgium/ULG-10803/2020|EPI_ISL_661232|2020-11-17|Europe
1991,1472,0.00292382513699996,50.5859873634591,5.28768689645661,50.5860904587872,5.28811562458658,0.6493210602412,0.6463972351042,2020.80581934427,2020.80874316941,141600000,hCoV-19/Belgium/ULG-10599/2020|EPI_ISL_626292|2020-10-23|Europe
1992,1993,0.0742759079,50.6188483097869,5.68669227484945,50.617716567208,5.68828189724659,0.6241131430047,0.5498372351047,2020.70925934427,2020.78353525217,141600000,NA
1992,1474,0.1076805464,50.6188483097869,5.68669227484945,50.5896164526452,5.8018907364936,0.6575177815047,0.5498372351047,2020.70925934427,2020.81693989067,141600000,hCoV-19/Belgium/ULG-10694/2020|EPI_ISL_636666|2020-10-26|Europe
1993,1997,0.000554092101100023,50.617716567208,5.68828189724659,50.6177243090341,5.6879907986841,0.6246672351058,0.6241131430047,2020.78353525217,2020.78408934427,141600000,NA
1993,1994,0.0210940921,50.617716567208,5.68828189724659,50.6167571415628,5.68943541442753,0.6452072351047,0.6241131430047,2020.78353525217,2020.80462934427,141600000,NA
1994,1475,0.00411382513699998,50.6167571415628,5.68943541442753,50.7285875666097,5.71814511667056,0.6493210602417,0.6452072351047,2020.80462934427,2020.80874316941,141600000,hCoV-19/Belgium/ULG-10544/2020|EPI_ISL_626303|2020-10-23|Europe
1994,1995,0.000720000000000054,50.6167571415628,5.68943541442753,50.4606640601182,5.72241787018262,0.6459272351047,0.6452072351047,2020.80462934427,2020.80534934427,141600000,NA
1995,1476,0.00339382513700004,50.4606640601182,5.72241787018262,50.427674669774,5.66871895544039,0.6493210602417,0.6459272351047,2020.80534934427,2020.80874316941,141600000,hCoV-19/Belgium/ULG-10531/2020|EPI_ISL_626315|2020-10-23|Europe
1995,1996,0.000940000000000052,50.4606640601182,5.72241787018262,50.460762528693,5.7222968029838,0.6468672351047,0.6459272351047,2020.80534934427,2020.80628934427,141600000,NA
1996,1478,0.01065054645,50.460762528693,5.7222968029838,50.460027592839,5.72277597810823,0.6575177815547,0.6468672351047,2020.80628934427,2020.81693989072,141600000,hCoV-19/Belgium/ULG-10644/2020|EPI_ISL_636622|2020-10-26|Europe
1996,1477,0.01065054645,50.460762528693,5.7222968029838,50.4920635983507,5.32055062732943,0.6575177815547,0.6468672351047,2020.80628934427,2020.81693989072,141600000,hCoV-19/Belgium/ULG-10661/2020|EPI_ISL_636638|2020-10-26|Europe
1997,1479,0.03285054645,50.6177243090341,5.6879907986841,50.6532689434385,5.11323045505117,0.6575177815558,0.6246672351058,2020.78408934427,2020.81693989072,141600000,hCoV-19/Belgium/ULG-10657/2020|EPI_ISL_636634|2020-10-26|Europe
1997,1480,0.03285054645,50.6177243090341,5.6879907986841,50.5429870599437,5.75137507148597,0.6575177815558,0.6246672351058,2020.78408934427,2020.81693989072,141600000,hCoV-19/Belgium/ULG-10662/2020|EPI_ISL_636639|2020-10-26|Europe
1998,1482,0.0274726776,50.6041666010466,5.54163865460007,50.6290543066161,5.66593540119568,0.4771899126961,0.4497172350961,2020.60913934426,2020.63661202186,141600000,hCoV-19/Belgium/ULG-10406/2020|EPI_ISL_540573|2020-08-21|Europe
1998,1481,0.06572404372,50.6041666010466,5.54163865460007,50.5997519111163,5.49176602717126,0.5154412788161,0.4497172350961,2020.60913934426,2020.67486338798,141600000,hCoV-19/Belgium/ULG-10606/2020|EPI_ISL_626251|2020-09-04|Europe
2004,2001,9.89071027300038e-06,50.6146694077452,5.33320575757239,50.6076705170453,5.35591406680263,9.89071027300038e-06,0,2020.71856934426,2020.71857923497,141600000,hCoV-19/Belgium/ULG-10757/2020|EPI_ISL_641599|2020-09-20|Europe
2004,2005,0.00479,50.6146694077452,5.33320575757239,50.4819184901151,5.28980882998457,0.00479,0,2020.71856934426,2020.72335934426,141600000,NA
2005,2003,0.0006843715848,50.4819184901151,5.28980882998457,50.4854070754787,5.28519022806974,0.0054743715848,0.00479,2020.72335934426,2020.72404371584,141600000,hCoV-19/Belgium/ULG-10473/2020|EPI_ISL_581642|2020-09-22|Europe
2209,2124,2.13114753599974e-05,50.5012061065396,5.27558307620977,50.5011176653214,5.27547929166608,0.38692253245194,0.38690122097658,2020.59833934426,2020.59836065574,141600000,hCoV-19/Belgium/ULG-10387/2020|EPI_ISL_540554|2020-08-07|Europe
2219,2216,0.04766382514,50.551909449575,5.64966920956052,50.524263224536,5.50080153709102,0.04766382514,0,2020.76107934426,2020.8087431694,141600000,hCoV-19/Belgium/ULG-10596/2020|EPI_ISL_626289|2020-10-23|Europe
2219,2220,0.04512,50.551909449575,5.64966920956052,50.4634647396905,5.70127029520903,0.04512,0,2020.76107934426,2020.80619934426,141600000,NA
2220,2217,0.00254382513700001,50.4634647396905,5.70127029520903,50.4622979856593,5.70300050523592,0.047663825137,0.04512,2020.80619934426,2020.8087431694,141600000,hCoV-19/Belgium/ULG-10521/2020|EPI_ISL_626279|2020-10-23|Europe
2220,2218,0.06811759563,50.4634647396905,5.70127029520903,50.6105001403627,5.73254079788802,0.11323759563,0.04512,2020.80619934426,2020.87431693989,141600000,hCoV-19/Belgium/ULG-10820/2020|EPI_ISL_661243|2020-11-16|Europe
2242,2243,3.45893671499994e-05,50.5122064605153,5.28972050029197,50.512130831157,5.28954467391693,3.45893671499994e-05,0,2020.68797475489,2020.68800934426,141600000,NA
2242,2244,3.45893671499994e-05,50.5122064605153,5.28972050029197,50.512130831157,5.28954467391693,3.45893671499994e-05,0,2020.68797475489,2020.68800934426,141600000,NA
2243,2228,0.03056989071,50.512130831157,5.28954467391693,50.5446607501703,5.22628952829939,0.03060448007715,3.45893671499994e-05,2020.68800934426,2020.71857923497,141600000,hCoV-19/Belgium/ULG-10756/2020|EPI_ISL_641598|2020-09-20|Europe
2243,2229,0.02510540984,50.512130831157,5.28954467391693,50.4830203866008,5.22816346137981,0.02513999920715,3.45893671499994e-05,2020.68800934426,2020.7131147541,141600000,hCoV-19/Belgium/ULG-10734/2020|EPI_ISL_641576|2020-09-18|Europe
2244,2230,0.02510540984,50.512130831157,5.28954467391693,50.511308787617,5.31084823681542,0.02513999920715,3.45893671499994e-05,2020.68800934426,2020.7131147541,141600000,hCoV-19/Belgium/ULG-10733/2020|EPI_ISL_641575|2020-09-18|Europe
2244,2245,0.00857,50.512130831157,5.28954467391693,50.5115093221444,5.27923336672654,0.00860458936715,3.45893671499994e-05,2020.68800934426,2020.69657934426,141600000,NA
2245,2231,0.03019661202,50.5115093221444,5.27923336672654,50.5062929594144,5.27877983682552,0.03880120138715,0.00860458936715,2020.69657934426,2020.72677595628,141600000,hCoV-19/Belgium/ULG-10481/2020|EPI_ISL_581590|2020-09-23|Europe
2245,2246,0.00395,50.5115093221444,5.27923336672654,50.5125021331779,5.27864937439699,0.01255458936715,0.00860458936715,2020.69657934426,2020.70052934426,141600000,NA
2246,2247,0.00216,50.5125021331779,5.27864937439699,50.5150285183084,5.29122177551321,0.01471458936715,0.01255458936715,2020.70052934426,2020.70268934426,141600000,NA
2246,2250,0.00216,50.5125021331779,5.27864937439699,50.5150285183084,5.29122177551321,0.01471458936715,0.01255458936715,2020.70052934426,2020.70268934426,141600000,NA
2247,2248,0.00221,50.5150285183084,5.29122177551321,50.4956562912386,5.2834658955536,0.01692458936715,0.01471458936715,2020.70268934426,2020.70489934426,141600000,NA
2247,2249,0.00221,50.5150285183084,5.29122177551321,50.4956562912386,5.2834658955536,0.01692458936715,0.01471458936715,2020.70268934426,2020.70489934426,141600000,NA
2248,2232,1.86885246400009e-05,50.4956562912386,5.2834658955536,50.4955491098735,5.28418581647104,0.01694327789179,0.01692458936715,2020.70489934426,2020.70491803278,141600000,hCoV-19/Belgium/ULG-10724/2020|EPI_ISL_641566|2020-09-15|Europe
2248,2233,0.01094765027,50.4956562912386,5.2834658955536,50.5129251745511,5.24353728436803,0.02787223963715,0.01692458936715,2020.70489934426,2020.71584699453,141600000,hCoV-19/Belgium/ULG-10746/2020|EPI_ISL_641588|2020-09-19|Europe
2249,2234,1.86885246400009e-05,50.4956562912386,5.2834658955536,50.555595678306,5.38775094319164,0.01694327789179,0.01692458936715,2020.70489934426,2020.70491803278,141600000,hCoV-19/Belgium/ULG-10723/2020|EPI_ISL_641565|2020-09-15|Europe
2249,2235,0.01094765027,50.4956562912386,5.2834658955536,50.4767130324889,5.16488406016936,0.02787223963715,0.01692458936715,2020.70489934426,2020.71584699453,141600000,hCoV-19/Belgium/ULG-10747/2020|EPI_ISL_641589|2020-09-19|Europe
2250,2251,0.00221,50.5150285183084,5.29122177551321,50.4956562912386,5.2834658955536,0.01692458936715,0.01471458936715,2020.70268934426,2020.70489934426,141600000,NA
2250,2252,0.01302,50.5150285183084,5.29122177551321,50.5067295956809,5.28586994042881,0.02773458936715,0.01471458936715,2020.70268934426,2020.71570934426,141600000,NA
2251,2236,1.86885246400009e-05,50.4956562912386,5.2834658955536,50.4986388777292,5.18281769740138,0.01694327789179,0.01692458936715,2020.70489934426,2020.70491803278,141600000,hCoV-19/Belgium/ULG-10725/2020|EPI_ISL_641567|2020-09-15|Europe
2251,2237,0.01094765027,50.4956562912386,5.2834658955536,50.5671100119638,5.17405784159139,0.02787223963715,0.01692458936715,2020.70489934426,2020.71584699453,141600000,hCoV-19/Belgium/ULG-10748/2020|EPI_ISL_641590|2020-09-19|Europe
2252,2238,0.000137650273100001,50.5067295956809,5.28586994042881,50.5062681176069,5.28660776428872,0.02787223964025,0.02773458936715,2020.71570934426,2020.71584699453,141600000,hCoV-19/Belgium/ULG-10749/2020|EPI_ISL_641591|2020-09-19|Europe
2252,2253,0.008152375582,50.5067295956809,5.28586994042881,50.5396538475293,5.31951374924275,0.03588696494915,0.02773458936715,2020.71570934426,2020.72386171984,141600000,NA
2253,2239,0.002914236439,50.5396538475293,5.31951374924275,50.5727375720444,5.39583536334145,0.03880120138815,0.03588696494915,2020.72386171984,2020.72677595628,141600000,hCoV-19/Belgium/ULG-10482/2020|EPI_ISL_581591|2020-09-23|Europe
2253,2254,0.000477624417599999,50.5396538475293,5.31951374924275,50.5396297572649,5.32114604906959,0.03636458936675,0.03588696494915,2020.72386171984,2020.72433934426,141600000,NA
2254,2240,0.002436612022,50.5396297572649,5.32114604906959,50.5728828709129,5.09387398569001,0.03880120138875,0.03636458936675,2020.72433934426,2020.72677595628,141600000,hCoV-19/Belgium/ULG-10485/2020|EPI_ISL_581592|2020-09-23|Europe
2254,2241,0.002436612022,50.5396297572649,5.32114604906959,50.5387947678274,5.32840622399651,0.03880120138875,0.03636458936675,2020.72433934426,2020.72677595628,141600000,hCoV-19/Belgium/ULG-10487/2020|EPI_ISL_581593|2020-09-23|Europe
2291,2292,0.00173014033300001,50.5261329741969,5.36145095161517,50.5263376977621,5.36157670189894,0.028610140333,0.02688,2020.24157934426,2020.24330948459,141600000,NA
2291,2293,0.00120999999999999,50.5261329741969,5.36145095161517,50.5296830141637,5.34934908369844,0.02809,0.02688,2020.24157934426,2020.24278934426,141600000,NA
2292,2272,0.00259215474899999,50.5263376977621,5.36157670189894,50.5261673986685,5.36244448685245,0.031202295082,0.028610140333,2020.24330948459,2020.24590163934,141600000,hCoV-19/Belgium/ULG-10044/2020|EPI_ISL_421211|2020-03-31|Europe
2293,2297,0.03948,50.5296830141637,5.34934908369844,50.6240898160443,5.64452751516979,0.06757,0.02809,2020.24278934426,2020.28226934426,141600000,NA
2297,2298,0.08385,50.6240898160443,5.64452751516979,50.6334772825611,5.61351619398419,0.15142,0.06757,2020.28226934426,2020.36611934426,141600000,NA
2297,2299,0.2306857982,50.6240898160443,5.64452751516979,50.6254081874003,5.64574993791618,0.2982557982,0.06757,2020.28226934426,2020.51295514246,141600000,NA
2298,2277,8.74316905097317e-07,50.6334772825611,5.61351619398419,50.6336072964867,5.61348528803014,0.151420874316905,0.15142,2020.36611934426,2020.36612021858,141600000,hCoV-19/Belgium/ULG-10221/2020|EPI_ISL_498127|2020-05-14|Europe
2298,2278,8.74316905097317e-07,50.6334772825611,5.61351619398419,50.538539034922,5.30635887224953,0.151420874316905,0.15142,2020.36611934426,2020.36612021858,141600000,hCoV-19/Belgium/ULG-10209/2020|EPI_ISL_484698|2020-05-14|Europe
2299,2300,0.000704201815000027,50.6254081874003,5.64574993791618,50.6253030555771,5.6456615876985,0.298960000015,0.2982557982,2020.51295514246,2020.51365934428,141600000,NA
2299,2301,0.000704201815000027,50.6254081874003,5.64574993791618,50.6253030555771,5.6456615876985,0.298960000015,0.2982557982,2020.51295514246,2020.51365934428,141600000,NA
2300,2280,1.85792353701864e-06,50.6253030555771,5.6456615876985,50.5659972388947,5.86044660087929,0.298961857938537,0.298960000015,2020.51365934428,2020.5136612022,141600000,hCoV-19/Belgium/ULG-10267/2020|EPI_ISL_515074|2020-07-07|Europe
2300,2279,0.03278874317,50.6253030555771,5.6456615876985,50.6243159946947,5.65059072856419,0.331748743185,0.298960000015,2020.51365934428,2020.54644808745,141600000,hCoV-19/Belgium/ULG-10268/2020|EPI_ISL_515075|2020-07-19|Europe
2301,2303,0.02459,50.6253030555771,5.6456615876985,50.5554731177191,5.35414339969719,0.323550000015,0.298960000015,2020.51365934428,2020.53824934428,141600000,NA
2303,2284,0.01093098361,50.5554731177191,5.35414339969719,50.5610977856745,5.52815442593249,0.334480983625,0.323550000015,2020.53824934428,2020.54918032789,141600000,hCoV-19/Belgium/ULG-10269/2020|EPI_ISL_515076|2020-07-20|Europe
2303,2283,2.02185789999199e-06,50.5554731177191,5.35414339969719,50.5554665615733,5.35410260528888,0.3235520218729,0.323550000015,2020.53824934428,2020.53825136613,141600000,hCoV-19/Belgium/ULG-10265/2020|EPI_ISL_515072|2020-07-16|Europe
2318,2319,0.06813,50.5162636550536,5.5157582356355,50.5294353404405,5.55356368667248,0.069281672201,0.00115167220099999,2020.57912934427,2020.64725934427,141600000,NA
2318,2320,0.000330000000000025,50.5162636550536,5.5157582356355,50.5167034012158,5.51562304617268,0.00148167220100001,0.00115167220099999,2020.57912934427,2020.57945934427,141600000,NA
2319,2304,0.05492644809,50.5294353404405,5.55356368667248,50.5641261269943,5.5821523865494,0.124208120291,0.069281672201,2020.64725934427,2020.70218579236,141600000,hCoV-19/Belgium/ULG-10717/2020|EPI_ISL_641559|2020-09-14|Europe
2319,2305,0.02760404372,50.5294353404405,5.55356368667248,50.537318861058,5.55595518151829,0.096885715921,0.069281672201,2020.64725934427,2020.67486338799,141600000,hCoV-19/Belgium/ULG-10604/2020|EPI_ISL_626249|2020-09-04|Europe
2320,2321,0.02709,50.5167034012158,5.51562304617268,50.5651735578363,5.46795395755211,0.028571672201,0.00148167220100001,2020.57945934427,2020.60654934427,141600000,NA
2321,2307,8.03278696298593e-06,50.5651735578363,5.46795395755211,50.565078262879,5.46789734942874,0.028579704987963,0.028571672201,2020.60654934427,2020.60655737706,141600000,hCoV-19/Belgium/ULG-10397/2020|EPI_ISL_540564|2020-08-10|Europe
2482,2483,0.00324609467799997,50.6896379249582,5.60915367264722,50.6258296860049,5.65825676337916,0.00324609467799997,0,2020.15892934425,2020.16217543893,141600000,NA
2483,2484,0.000503905322200016,50.6258296860049,5.65825676337916,50.6266032636772,5.65814552339282,0.00375000000019998,0.00324609467799997,2020.16217543893,2020.16267934425,141600000,NA
2483,2494,0.00424390532200003,50.6258296860049,5.65825676337916,50.6258825087354,5.65881231955291,0.00749,0.00324609467799997,2020.16217543893,2020.16641934425,141600000,NA
2484,2488,0.05385,50.6266032636772,5.65814552339282,50.6309571108805,5.6573488159514,0.0576000000002,0.00375000000019998,2020.16267934425,2020.21652934425,141600000,NA
2484,2485,0.01027,50.6266032636772,5.65814552339282,50.6736259416501,5.57822604543689,0.0140200000002,0.00375000000019998,2020.16267934425,2020.17294934425,141600000,NA
2485,2487,0.00190000000000001,50.6736259416501,5.57822604543689,50.6149405499088,5.76221433829526,0.0159200000002,0.0140200000002,2020.17294934425,2020.17484934425,141600000,NA
2485,2486,0.0101,50.6736259416501,5.57822604543689,50.6790808884376,5.57764220476016,0.0241200000002,0.0140200000002,2020.17294934425,2020.18304934425,141600000,NA
2486,2329,1.07650274100424e-05,50.6790808884376,5.57764220476016,50.679062068535,5.57767857032215,0.02413076502761,0.0241200000002,2020.18304934425,2020.18306010928,141600000,hCoV-19/Belgium/ULG-3843/2020|EPI_ISL_417012|2020-03-08|Europe
2486,2330,0.07104901639,50.6790808884376,5.57764220476016,50.6362560868841,5.64016831090191,0.0951690163902,0.0241200000002,2020.18304934425,2020.25409836064,141600000,hCoV-19/Belgium/ULG-10068/2020|EPI_ISL_424636|2020-04-03|Europe
2487,2331,0.00274628415299999,50.6149405499088,5.76221433829526,50.6018734596173,5.50930897334801,0.0186662841532,0.0159200000002,2020.17484934425,2020.1775956284,141600000,hCoV-19/Belgium/RS-030677/2020|EPI_ISL_420333|2020-03-06|Europe
2487,2332,1.4043715799994e-05,50.6149405499088,5.76221433829526,50.6150893860428,5.76216049196019,0.015934043716,0.0159200000002,2020.17484934425,2020.17486338796,141600000,hCoV-19/Belgium/ULG-2971/2020|EPI_ISL_416997|2020-03-05|Europe
2488,2489,0.43374,50.6309571108805,5.6573488159514,50.5680747132985,5.65855019366271,0.4913400000002,0.0576000000002,2020.21652934425,2020.65026934425,141600000,NA
2488,2490,0.01235,50.6309571108805,5.6573488159514,50.6125859084959,5.67315838329246,0.0699500000002,0.0576000000002,2020.21652934425,2020.22887934425,141600000,NA
2489,2333,3.87978143701062e-06,50.5680747132985,5.65855019366271,50.5680765399256,5.65854600428356,0.491343879781637,0.4913400000002,2020.65026934425,2020.65027322403,141600000,hCoV-19/Belgium/ULG-10453/2020|EPI_ISL_581627|2020-08-26|Europe
2489,2334,0.00546836065599998,50.5680747132985,5.65855019366271,50.5537466368624,5.61159826776359,0.4968083606562,0.4913400000002,2020.65026934425,2020.65573770491,141600000,hCoV-19/Belgium/ULG-10457/2020|EPI_ISL_581630|2020-08-28|Europe
2490,2335,0.03068349727,50.6125859084959,5.67315838329246,50.6012296675597,5.88900903596978,0.1006334972702,0.0699500000002,2020.22887934425,2020.25956284152,141600000,hCoV-19/Belgium/ULG-10053/2020|EPI_ISL_424661|2020-04-05|Europe
2490,2491,0.01017,50.6125859084959,5.67315838329246,50.6032005159165,5.48225537930929,0.0801200000002,0.0699500000002,2020.22887934425,2020.23904934425,141600000,NA
2491,2492,0.00203999999999999,50.6032005159165,5.48225537930929,50.6032907405438,5.48231922377973,0.0821600000002,0.0801200000002,2020.23904934425,2020.24108934425,141600000,NA
2491,2336,0.02597797814,50.6032005159165,5.48225537930929,50.6062038970201,5.48126043210759,0.1060979781402,0.0801200000002,2020.23904934425,2020.26502732239,141600000,hCoV-19/Belgium/ULG-10127/2020|EPI_ISL_427373|2020-04-07|Europe
2492,2493,0.00139,50.6032907405438,5.48231922377973,50.6025845803422,5.48200486886101,0.0835500000002,0.0821600000002,2020.24108934425,2020.24247934425,141600000,NA
2492,2337,0.0212057377,50.6032907405438,5.48231922377973,50.6184439057477,5.60347136365171,0.1033657377002,0.0821600000002,2020.24108934425,2020.26229508195,141600000,hCoV-19/Belgium/ULG-10105/2020|EPI_ISL_427356|2020-04-06|Europe
2493,2339,0.00342229508199998,50.6025845803422,5.48200486886101,50.605814597872,5.46926654115375,0.0869722950822,0.0835500000002,2020.24247934425,2020.24590163933,141600000,hCoV-19/Belgium/ULG-10043/2020|EPI_ISL_421210|2020-03-31|Europe
2493,2338,0.000690054644899962,50.6025845803422,5.48200486886101,50.3240321273731,6.03713126185729,0.0842400546451,0.0835500000002,2020.24247934425,2020.24316939889,141600000,hCoV-19/Belgium/ULG-10006/2020|EPI_ISL_421185|2020-03-30|Europe
2494,2497,0.00652999999999998,50.6258825087354,5.65881231955291,50.6274081098067,5.66362200482836,0.01402,0.00749,2020.16641934425,2020.17294934425,141600000,NA
2494,2495,0.00189,50.6258825087354,5.65881231955291,50.6257776363913,5.65803752470688,0.00938,0.00749,2020.16641934425,2020.16830934425,141600000,NA
2497,2499,0.00696755679600003,50.6274081098067,5.66362200482836,50.6282856810802,5.66047216325034,0.020987556796,0.01402,2020.17294934425,2020.17991690104,141600000,NA
2497,2498,0.00190000000000001,50.6274081098067,5.66362200482836,50.6149405499088,5.76221433829526,0.01592,0.01402,2020.17294934425,2020.17484934425,141600000,NA
2498,2343,1.4043715799994e-05,50.6149405499088,5.76221433829526,50.6017095334417,5.74718712573801,0.0159340437158,0.01592,2020.17484934425,2020.17486338796,141600000,hCoV-19/Belgium/ULG-3000/2020|EPI_ISL_417004|2020-03-05|Europe
2498,2344,1.4043715799994e-05,50.6149405499088,5.76221433829526,50.6355880015865,5.81884668996986,0.0159340437158,0.01592,2020.17484934425,2020.17486338796,141600000,hCoV-19/Belgium/PAN-030681/2020|EPI_ISL_420337|2020-03-05|Europe
2499,2503,0.01063623854,50.6282856810802,5.66047216325034,50.6334156391094,5.65221662564805,0.031623795336,0.020987556796,2020.17991690104,2020.19055313959,141600000,NA
2503,2504,0.00968768370399997,50.6334156391094,5.65221662564805,50.6332789083108,5.64859971051582,0.04131147904,0.031623795336,2020.19055313959,2020.20024082329,141600000,NA
2504,2506,0.00091852095720002,50.6332789083108,5.64859971051582,50.6340652760459,5.64829062843846,0.0422299999972,0.04131147904,2020.20024082329,2020.20115934425,141600000,NA
2504,2505,0.00091852095720002,50.6332789083108,5.64859971051582,50.6340652760459,5.64829062843846,0.0422299999972,0.04131147904,2020.20024082329,2020.20115934425,141600000,NA
2505,2350,0.00102644808800001,50.6340652760459,5.64829062843846,50.6336115798511,5.64555541054593,0.0432564480852,0.0422299999972,2020.20115934425,2020.20218579233,141600000,hCoV-19/Belgium/ULG-6950/2020|EPI_ISL_417023|2020-03-15|Europe
2505,2349,0.00102644808800001,50.6340652760459,5.64829062843846,50.6710532424782,5.55894742039184,0.0432564480852,0.0422299999972,2020.20115934425,2020.20218579233,141600000,hCoV-19/Belgium/ULG-6942/2020|EPI_ISL_417021|2020-03-15|Europe
2506,2507,0.00374999999999998,50.6340652760459,5.64829062843846,50.6058597173324,5.61652857873453,0.0459799999972,0.0422299999972,2020.20115934425,2020.20490934425,141600000,NA
2506,2351,0.00102644808800001,50.6340652760459,5.64829062843846,50.6335214487087,5.64877274846649,0.0432564480852,0.0422299999972,2020.20115934425,2020.20218579233,141600000,hCoV-19/Belgium/ULG-6948/2020|EPI_ISL_417022|2020-03-15|Europe
2507,2352,8.68852464203096e-06,50.6058597173324,5.61652857873453,50.6059227324419,5.61650290811824,0.045988688521842,0.0459799999972,2020.20490934425,2020.20491803277,141600000,hCoV-19/Belgium/ULG-7242/2020|EPI_ISL_418626|2020-03-16|Europe
2507,2353,0.05465349727,50.6058597173324,5.61652857873453,50.6544171302683,5.5403536418271,0.1006334972672,0.0459799999972,2020.20490934425,2020.25956284152,141600000,hCoV-19/Belgium/ULG-10061/2020|EPI_ISL_424662|2020-04-05|Europe
2573,2575,0.08135093376,50.6105981327746,5.85008306495139,50.6131104761449,5.84813825686997,0.3163509337421,0.2349999999821,2020.39392934423,2020.47528027799,141600000,NA
2573,2574,0.18146,50.6105981327746,5.85008306495139,50.4796829737114,5.67347880403284,0.4164599999821,0.2349999999821,2020.39392934423,2020.57538934423,141600000,NA
2574,2417,0.04209699454,50.4796829737114,5.67347880403284,50.4930454227311,5.67619639861798,0.4585569945221,0.4164599999821,2020.57538934423,2020.61748633877,141600000,hCoV-19/Belgium/ULG-10422/2020|EPI_ISL_581604|2020-08-14|Europe
2575,2576,0.000109066239500022,50.6131104761449,5.84813825686997,50.6128690772304,5.84821058559803,0.3164599999816,0.3163509337421,2020.47528027799,2020.47538934423,141600000,NA
2575,2580,0.000109066239500022,50.6131104761449,5.84813825686997,50.6128690772304,5.84821058559803,0.3164599999816,0.3163509337421,2020.47528027799,2020.47538934423,141600000,NA
2576,2419,2.04918033199775e-05,50.6128690772304,5.84821058559803,50.6128905689152,5.8481736967513,0.31648049178492,0.3164599999816,2020.47538934423,2020.47540983603,141600000,hCoV-19/Belgium/ULG-10235/2020|EPI_ISL_498141|2020-06-23|Europe
2576,2577,0.08062,50.6128690772304,5.84821058559803,50.6396178642967,5.687226070418,0.3970799999816,0.3164599999816,2020.47538934423,2020.55600934423,141600000,NA
2577,2420,0.02049338798,50.6396178642967,5.687226070418,50.6297270479806,5.59440757047807,0.4175733879616,0.3970799999816,2020.55600934423,2020.57650273221,141600000,hCoV-19/Belgium/ULG-10335/2020|EPI_ISL_540502|2020-07-30|Europe
2577,2578,0.0102,50.6396178642967,5.687226070418,50.6403595965363,5.68683907675917,0.4072799999816,0.3970799999816,2020.55600934423,2020.56620934423,141600000,NA
2578,2579,0.00208000000000003,50.6403595965363,5.68683907675917,50.6369253809238,5.68586582568766,0.4093599999816,0.4072799999816,2020.56620934423,2020.56828934423,141600000,NA
2578,2421,0.00756114754100001,50.6403595965363,5.68683907675917,50.640607276458,5.68703667800367,0.4148411475226,0.4072799999816,2020.56620934423,2020.57377049177,141600000,hCoV-19/Belgium/ULG-10321/2020|EPI_ISL_540488|2020-07-29|Europe
2579,2423,1.66666667399951e-05,50.6369253809238,5.68586582568766,50.6197702219841,5.6479652599204,0.40937666664834,0.4093599999816,2020.56828934423,2020.5683060109,141600000,hCoV-19/Belgium/ULG-10313/2020|EPI_ISL_540480|2020-07-27|Europe
2579,2422,1.66666667399951e-05,50.6369253809238,5.68586582568766,50.6370347197551,5.68585841112785,0.40937666664834,0.4093599999816,2020.56828934423,2020.5683060109,141600000,hCoV-19/Belgium/ULG-10315/2020|EPI_ISL_540482|2020-07-27|Europe
2580,2590,0.03772,50.6128690772304,5.84821058559803,50.612146486186,5.84865118619476,0.3541799999816,0.3164599999816,2020.47538934423,2020.51310934423,141600000,NA
2580,2581,0.02661527539,50.6128690772304,5.84821058559803,50.6195773277085,5.90553240844358,0.3430752753716,0.3164599999816,2020.47538934423,2020.50200461962,141600000,NA
2581,2582,0.00682472461299999,50.6195773277085,5.90553240844358,50.6193845654909,5.90545338765786,0.3498999999846,0.3430752753716,2020.50200461962,2020.50882934423,141600000,NA
2581,2585,0.000704724613399987,50.6195773277085,5.90553240844358,50.6193916836352,5.90564442893456,0.343779999985,0.3430752753716,2020.50200461962,2020.50270934423,141600000,NA
2582,2583,0.00208000000000003,50.6193845654909,5.90545338765786,50.6369253809238,5.68586582568766,0.3519799999846,0.3498999999846,2020.50882934423,2020.51090934423,141600000,NA
2582,2584,0.02193,50.6193845654909,5.90545338765786,50.5188050087174,5.23825797360821,0.3718299999846,0.3498999999846,2020.50882934423,2020.53075934423,141600000,NA
2583,2424,1.96174864099952e-05,50.6369253809238,5.68586582568766,50.6160175481321,5.89603353742626,0.35199961747101,0.3519799999846,2020.51090934423,2020.51092896172,141600000,hCoV-19/Belgium/ULG-10245/2020|EPI_ISL_498151|2020-07-06|Europe
2583,2425,1.96174864099952e-05,50.6369253809238,5.68586582568766,50.5978453929669,5.86881621795633,0.35199961747101,0.3519799999846,2020.51090934423,2020.51092896172,141600000,hCoV-19/Belgium/ULG-10244/2020|EPI_ISL_498150|2020-07-06|Europe
2584,2426,0.02934994536,50.5188050087174,5.23825797360821,50.6019950339086,5.9101900266245,0.4011799453446,0.3718299999846,2020.53075934423,2020.56010928959,141600000,hCoV-19/Belgium/ULG-10309/2020|EPI_ISL_540476|2020-07-24|Europe
2584,2427,0.0102242623,50.5188050087174,5.23825797360821,50.5188372649683,5.23819124520069,0.3820542622846,0.3718299999846,2020.53075934423,2020.54098360653,141600000,hCoV-19/Belgium/ULG-10255/2020|EPI_ISL_515062|2020-07-17|Europe
2585,2428,2.28961748000023e-05,50.6193916836352,5.90564442893456,50.6192228723563,5.90576329089993,0.3438028961598,0.343779999985,2020.50270934423,2020.50273224041,141600000,hCoV-19/Belgium/ULG-10243/2020|EPI_ISL_498149|2020-07-03|Europe
2585,2586,0.03279,50.6193916836352,5.90564442893456,50.6021098213374,5.10856906813302,0.376569999985,0.343779999985,2020.50270934423,2020.53549934423,141600000,NA
2586,2429,1.97814207700264e-05,50.6021098213374,5.10856906813302,50.60210814041,5.10859499384069,0.37658978140577,0.376569999985,2020.53549934423,2020.53551912565,141600000,hCoV-19/Belgium/ULG-10272/2020|EPI_ISL_515079|2020-07-15|Europe
2588,2431,2.33879781200153e-05,50.5412403025611,5.6534551981033,50.5412421325029,5.65349919203036,0.41757338796312,0.417549999985,2020.57647934423,2020.57650273221,141600000,hCoV-19/Belgium/ULG-10333/2020|EPI_ISL_540500|2020-07-30|Europe
2590,2591,0.02091456283,50.612146486186,5.84865118619476,50.6361383424864,5.60614787382289,0.3750945628116,0.3541799999816,2020.51310934423,2020.53402390706,141600000,NA
2590,2596,0.00219000000000003,50.612146486186,5.84865118619476,50.6256559937069,5.84759154923809,0.3563699999816,0.3541799999816,2020.51310934423,2020.51529934423,141600000,NA
2591,2594,0.00053543716740001,50.6361383424864,5.60614787382289,50.6354631039667,5.60702271098143,0.375629999979,0.3750945628116,2020.53402390706,2020.53455934423,141600000,NA
2591,2592,0.01513543717,50.6361383424864,5.60614787382289,50.590296080573,5.62872662617831,0.3902299999816,0.3750945628116,2020.53402390706,2020.54915934423,141600000,NA
2592,2593,0.00819999999999999,50.590296080573,5.62872662617831,50.6134305737159,5.07404699776033,0.3984299999816,0.3902299999816,2020.54915934423,2020.55735934423,141600000,NA
2592,2434,2.09836066299984e-05,50.590296080573,5.62872662617831,50.5903278472966,5.62876158140803,0.39025098358823,0.3902299999816,2020.54915934423,2020.54918032784,141600000,hCoV-19/Belgium/ULG-10250/2020|EPI_ISL_515057|2020-07-20|Europe
2593,2436,0.03280459016,50.6134305737159,5.07404699776033,50.5519605113584,5.17268059104415,0.4312345901416,0.3984299999816,2020.55735934423,2020.59016393439,141600000,hCoV-19/Belgium/ULG-10349/2020|EPI_ISL_540516|2020-08-04|Europe
2593,2435,1.77049180100086e-05,50.6134305737159,5.07404699776033,50.6134280928403,5.07409082022882,0.39844770489961,0.3984299999816,2020.55735934423,2020.55737704915,141600000,hCoV-19/Belgium/ULG-10305/2020|EPI_ISL_540472|2020-07-23|Europe
2594,2595,0.01227,50.6354631039667,5.60702271098143,50.6343622675728,5.60760093382281,0.387899999979,0.375629999979,2020.53455934423,2020.54682934423,141600000,NA
2594,2437,0.02281770492,50.6354631039667,5.60702271098143,50.6571255019767,5.03965135060868,0.398447704899,0.375629999979,2020.53455934423,2020.55737704915,141600000,hCoV-19/Belgium/ULG-10304/2020|EPI_ISL_540471|2020-07-23|Europe
2595,2439,0.01327994536,50.6343622675728,5.60760093382281,50.6348274681095,5.60738362164857,0.401179945339,0.387899999979,2020.54682934423,2020.56010928959,141600000,hCoV-19/Belgium/ULG-10308/2020|EPI_ISL_540475|2020-07-24|Europe
2595,2438,0.04879907104,50.6343622675728,5.60760093382281,50.6356078821868,5.596696345441,0.436699071019,0.387899999979,2020.54682934423,2020.59562841527,141600000,hCoV-19/Belgium/ULG-10357/2020|EPI_ISL_540524|2020-08-06|Europe
2596,2440,0.08032907104,50.6256559937069,5.84759154923809,50.603313693492,5.84000135582576,0.4366990710216,0.3563699999816,2020.51529934423,2020.59562841527,141600000,hCoV-19/Belgium/ULG-10364/2020|EPI_ISL_540531|2020-08-06|Europe
2596,2597,0.00220999999999999,50.6256559937069,5.84759154923809,50.6226903454761,5.84802296465157,0.3585799999816,0.3563699999816,2020.51529934423,2020.51750934423,141600000,NA
2597,2602,0.00224999999999997,50.6226903454761,5.84802296465157,50.6233525915888,5.8471625030317,0.3608299999816,0.3585799999816,2020.51750934423,2020.51975934423,141600000,NA
2599,2600,0.0102,50.6040047593119,5.83359910503666,50.6403595965363,5.68683907675917,0.4175399999816,0.4073399999816,2020.56626934423,2020.57646934423,141600000,NA
2599,2601,0.00201000000000001,50.6040047593119,5.83359910503666,50.6343071128932,5.84628211698761,0.4093499999816,0.4073399999816,2020.56626934423,2020.56827934423,141600000,NA
2600,2443,3.33879781200253e-05,50.6403595965363,5.68683907675917,50.6113454513904,5.85306529660203,0.41757338795972,0.4175399999816,2020.57646934423,2020.57650273221,141600000,hCoV-19/Belgium/ULG-10327/2020|EPI_ISL_540494|2020-07-30|Europe
2600,2442,3.33879781200253e-05,50.6403595965363,5.68683907675917,50.6037594089279,5.83293337973578,0.41757338795972,0.4175399999816,2020.57646934423,2020.57650273221,141600000,hCoV-19/Belgium/ULG-10328/2020|EPI_ISL_540495|2020-07-30|Europe
2601,2445,2.66666667400051e-05,50.6343071128932,5.84628211698761,50.6343185535423,5.8464046598424,0.40937666664834,0.4093499999816,2020.56827934423,2020.5683060109,141600000,hCoV-19/Belgium/ULG-10319/2020|EPI_ISL_540486|2020-07-27|Europe
2601,2444,0.00822338797799999,50.6343071128932,5.84628211698761,50.4968464083435,5.86004522337802,0.4175733879596,0.4093499999816,2020.56827934423,2020.57650273221,141600000,hCoV-19/Belgium/ULG-10329/2020|EPI_ISL_540496|2020-07-30|Europe
2602,2446,0.03761770492,50.6233525915888,5.8471625030317,50.5803220266022,5.85217152110927,0.3984477049016,0.3608299999816,2020.51975934423,2020.55737704915,141600000,hCoV-19/Belgium/ULG-10302/2020|EPI_ISL_540469|2020-07-23|Europe
2602,2603,0.00208000000000003,50.6233525915888,5.8471625030317,50.6369253809238,5.68586582568766,0.3629099999816,0.3608299999816,2020.51975934423,2020.52183934423,141600000,NA
2603,2447,1.85792349199909e-05,50.6369253809238,5.68586582568766,50.6183981861281,5.83991402869505,0.36292857921652,0.3629099999816,2020.52183934423,2020.52185792347,141600000,hCoV-19/Belgium/ULG-10251/2020|EPI_ISL_515058|2020-07-10|Europe
2603,2604,0.01722,50.6369253809238,5.68586582568766,50.619394733603,5.84154145449767,0.3801299999816,0.3629099999816,2020.52183934423,2020.53905934423,141600000,NA
2604,2605,0.00190000000000001,50.619394733603,5.84154145449767,50.6149405499088,5.76221433829526,0.3820299999816,0.3801299999816,2020.53905934423,2020.54095934423,141600000,NA
2605,2448,0.00275650273200001,50.6149405499088,5.76221433829526,50.615266181911,5.64925773588298,0.3847865027136,0.3820299999816,2020.54095934423,2020.54371584696,141600000,hCoV-19/Belgium/ULG-10260/2020|EPI_ISL_515067|2020-07-18|Europe
2605,2449,2.42622950299975e-05,50.6149405499088,5.76221433829526,50.5678366260081,5.64447949681734,0.38205426227663,0.3820299999816,2020.54095934423,2020.54098360653,141600000,hCoV-19/Belgium/ULG-10257/2020|EPI_ISL_515064|2020-07-17|Europe
2607,2452,0.00821442622899998,50.6343071128932,5.84628211698761,50.6689360257026,5.60605986515845,0.4066444262106,0.3984299999816,2020.55735934423,2020.56557377046,141600000,hCoV-19/Belgium/ULG-10283/2020|EPI_ISL_540450|2020-07-26|Europe
2607,2451,1.77049180100086e-05,50.6343071128932,5.84628211698761,50.6235127690933,5.83560221268175,0.39844770489961,0.3984299999816,2020.55735934423,2020.55737704915,141600000,hCoV-19/Belgium/ULG-10303/2020|EPI_ISL_540470|2020-07-23|Europe
2617,2460,0.01425721311,50.6128861118825,5.68007998779012,50.6128513982502,5.67786988446643,0.3246772130933,0.3104199999833,2020.46934934423,2020.48360655734,141600000,hCoV-19/Belgium/ULG-10237/2020|EPI_ISL_498143|2020-06-26|Europe
2617,2618,0.02292,50.6128861118825,5.68007998779012,50.6128058492504,5.68160697220865,0.3333399999833,0.3104199999833,2020.46934934423,2020.49226934423,141600000,NA
2618,2619,0.00224999999999997,50.6128058492504,5.68160697220865,50.6233525915888,5.8471625030317,0.3355899999833,0.3333399999833,2020.49226934423,2020.49451934423,141600000,NA
2618,2461,0.00226617486300001,50.6128058492504,5.68160697220865,50.6159372334151,5.68349633520308,0.3356061748463,0.3333399999833,2020.49226934423,2020.4945355191,141600000,hCoV-19/Belgium/ULG-10241/2020|EPI_ISL_498147|2020-06-30
2619,2463,1.61748634299741e-05,50.6233525915888,5.8471625030317,50.611195665251,5.68392446313392,0.33560617484673,0.3355899999833,2020.49451934423,2020.4945355191,141600000,hCoV-19/Belgium/ULG-10240/2020|EPI_ISL_498146|2020-06-30|Europe
2619,2462,1.61748634299741e-05,50.6233525915888,5.8471625030317,50.6132032888378,5.68208621182755,0.33560617484673,0.3355899999833,2020.49451934423,2020.4945355191,141600000,hCoV-19/Belgium/ULG-10242/2020|EPI_ISL_498148|2020-06-30|Europe
2623,2624,0.000982062368100001,50.6264200548696,5.54822076675759,50.6213534236802,5.62893983630433,0.3629099999814,0.3619279376133,2020.52085728186,2020.52183934423,141600000,NA
2623,2625,0.00026654726280001,50.6264200548696,5.54822076675759,50.6262147413224,5.54854687183619,0.3621944848761,0.3619279376133,2020.52085728186,2020.52112382913,141600000,NA
2624,2467,1.85792349199909e-05,50.6213534236802,5.62893983630433,50.6206432284856,5.62820682504786,0.36292857921632,0.3629099999814,2020.52183934423,2020.52185792347,141600000,hCoV-19/Belgium/ULG-10274/2020|EPI_ISL_515081|2020-07-10|Europe
2625,2626,0.00956551510499998,50.6262147413224,5.54854687183619,50.5753891811113,5.50755474889329,0.3717599999811,0.3621944848761,2020.52112382913,2020.53068934423,141600000,NA
2625,2628,0.000715515105299991,50.6262147413224,5.54854687183619,50.6262319167757,5.54885446757366,0.3629099999814,0.3621944848761,2020.52112382913,2020.52183934423,141600000,NA
2626,2627,0.00208000000000003,50.5753891811113,5.50755474889329,50.6369253809238,5.68586582568766,0.3738399999811,0.3717599999811,2020.53068934423,2020.53276934423,141600000,NA
2626,2469,0.133245082,50.5753891811113,5.50755474889329,50.6055719495845,5.6591770365583,0.5050050819811,0.3717599999811,2020.53068934423,2020.66393442623,141600000,hCoV-19/Belgium/ULG-10464/2020|EPI_ISL_581635|2020-08-31|Europe
2627,2471,1.75409836499774e-05,50.6369253809238,5.68586582568766,50.4890509627566,5.19970750808798,0.37385754096475,0.3738399999811,2020.53276934423,2020.53278688521,141600000,hCoV-19/Belgium/ULG-10266/2020|EPI_ISL_515073|2020-07-14|Europe
2627,2470,1.75409836499774e-05,50.6369253809238,5.68586582568766,50.5753591377038,5.50799220636983,0.37385754096475,0.3738399999811,2020.53276934423,2020.53278688521,141600000,hCoV-19/Belgium/ULG-10252/2020|EPI_ISL_515059|2020-07-14|Europe
2628,2472,0.02734098361,50.6262319167757,5.54885446757366,50.6259273569221,5.55011557527369,0.3902509835914,0.3629099999814,2020.52183934423,2020.54918032784,141600000,hCoV-19/Belgium/ULG-10270/2020|EPI_ISL_515077|2020-07-20|Europe
2628,2473,0.07652131148,50.6262319167757,5.54885446757366,50.6473632405772,5.61283310427966,0.4394313114614,0.3629099999814,2020.52183934423,2020.59836065571,141600000,hCoV-19/Belgium/ULG-10382/2020|EPI_ISL_540549|2020-08-07|Europe
2643,2640,0.02542314444,50.6267085231942,5.65691425836862,50.6237390558611,5.65673700744678,0.30574666664,0.2803235222,2020.54288286649,2020.56830601093,141600000,hCoV-19/Belgium/ULG-10312/2020|EPI_ISL_540479|2020-07-27|Europe
2643,2641,0.000832980507899983,50.6267085231942,5.65691425836862,50.5891056742805,5.63273718710276,0.2811565027079,0.2803235222,2020.54288286649,2020.543715847,141600000,hCoV-19/Belgium/ULG-10253/2020|EPI_ISL_515060|2020-07-18|Europe
2658,2659,0.00478000000000001,50.6459174398874,5.59340575569251,50.6514878309658,5.59191919610643,0.00478000000000001,0,2020.17182934427,2020.17660934427,141600000,NA
2658,2668,0.00386,50.6459174398874,5.59340575569251,50.6450290687029,5.59401643159912,0.00386,0,2020.17182934427,2020.17568934427,141600000,NA
2659,2660,0.00455,50.6514878309658,5.59191919610643,50.6698199182721,5.59624830452954,0.00933,0.00478000000000001,2020.17660934427,2020.18115934427,141600000,NA
2660,2644,0.06474229508,50.6698199182721,5.59624830452954,50.582207693392,5.66554812886066,0.07407229508,0.00933,2020.18115934427,2020.24590163935,141600000,hCoV-19/Belgium/ULG-10025/2020|EPI_ISL_421199|2020-03-31|Europe
2660,2661,0.01004368516,50.6698199182721,5.59624830452954,50.6688032802558,5.60124310094981,0.01937368516,0.00933,2020.18115934427,2020.19120302943,141600000,NA
2661,2662,0.02803631484,50.6688032802558,5.60124310094981,50.6292408672029,5.58032170239821,0.04741,0.01937368516,2020.19120302943,2020.21923934427,141600000,NA
2661,2666,0.000706314840900002,50.6688032802558,5.60124310094981,50.6698926748357,5.60228249939774,0.0200800000009,0.01937368516,2020.19120302943,2020.19190934427,141600000,NA
2662,2663,0.001393558171,50.6292408672029,5.58032170239821,50.6387007365517,5.5698086612789,0.048803558171,0.04741,2020.21923934427,2020.22063290244,141600000,NA
2662,2664,0.001138458453,50.6292408672029,5.58032170239821,50.5633646541851,5.53894154061019,0.048548458453,0.04741,2020.21923934427,2020.22037780272,141600000,NA
2663,2645,0.000678572976999997,50.6387007365517,5.5698086612789,50.6096108759723,5.50676053249988,0.049482131148,0.048803558171,2020.22063290244,2020.22131147542,141600000,hCoV-19/Belgium/ULG-9634/2020|EPI_ISL_418651|2020-03-22|Europe
2663,2646,0.000678572976999997,50.6387007365517,5.5698086612789,50.6374991353319,5.57416579465919,0.049482131148,0.048803558171,2020.22063290244,2020.22131147542,141600000,hCoV-19/Belgium/ULG-9741/2020|EPI_ISL_418664|2020-03-22|Europe
2664,2647,0.000933672694300003,50.5633646541851,5.53894154061019,50.6819886173631,5.14712307984323,0.0494821311473,0.048548458453,2020.22037780272,2020.22131147542,141600000,hCoV-19/Belgium/ULG-9735/2020|EPI_ISL_418661|2020-03-22|Europe
2664,2665,0.02217154155,50.5633646541851,5.53894154061019,50.4670109755362,5.51695853843914,0.070720000003,0.048548458453,2020.22037780272,2020.24254934427,141600000,NA
2665,2648,0.000620054644900003,50.4670109755362,5.51695853843914,50.4668306348756,5.51642572227127,0.0713400546479,0.070720000003,2020.24254934427,2020.24316939892,141600000,hCoV-19/Belgium/ULG-10024/2020|EPI_ISL_421198|2020-03-30|Europe
2666,2650,0.0703857377,50.6698926748357,5.60228249939774,50.6312474723487,5.09734452450229,0.0904657377009,0.0200800000009,2020.19190934427,2020.26229508197,141600000,hCoV-19/Belgium/WLM-0406275/2020|EPI_ISL_464069|2020-04-06|Europe
2666,2651,0.00481196721299999,50.6698926748357,5.60228249939774,50.6795875690424,5.63094749824304,0.0248919672139,0.0200800000009,2020.19190934427,2020.19672131148,141600000,hCoV-19/Belgium/ULG-6457/2020|EPI_ISL_417015|2020-03-13|Europe
2668,2669,0.0019,50.6450290687029,5.59401643159912,50.6586186258354,5.47277653666267,0.00576,0.00386,2020.17568934427,2020.17758934427,141600000,NA
2668,2670,0.0019,50.6450290687029,5.59401643159912,50.6586186258354,5.47277653666267,0.00576,0.00386,2020.17568934427,2020.17758934427,141600000,NA
2669,2654,6.28415292600049e-06,50.6586186258354,5.47277653666267,50.6587217492524,5.47269465753531,0.005766284152926,0.00576,2020.17758934427,2020.17759562842,141600000,hCoV-19/Belgium/CD-030679/2020|EPI_ISL_420335|2020-03-06|Europe
2669,2655,6.28415292600049e-06,50.6586186258354,5.47277653666267,50.469542257057,5.81443145314391,0.005766284152926,0.00576,2020.17758934427,2020.17759562842,141600000,hCoV-19/Belgium/LM-030685/2020|EPI_ISL_420341|2020-03-06|Europe
2670,2657,6.28415292600049e-06,50.6586186258354,5.47277653666267,50.601590834523,5.74563087450269,0.005766284152926,0.00576,2020.17758934427,2020.17759562842,141600000,hCoV-19/Belgium/PA-030680/2020|EPI_ISL_420336|2020-03-06|Europe
2670,2656,6.28415292600049e-06,50.6586186258354,5.47277653666267,50.6664986387761,5.6119890164054,0.005766284152926,0.00576,2020.17758934427,2020.17759562842,141600000,hCoV-19/Belgium/WAM-030676/2020|EPI_ISL_420332|2020-03-06|Europe
2686,2687,0.00452635885,50.6497311327141,5.55411518110949,50.6549230133192,5.46169780790777,0.00452635885,0,2020.22224298541,2020.22676934426,141600000,NA
2686,2685,0.04005209656,50.6497311327141,5.55411518110949,50.6722861970914,5.56633562933805,0.04005209656,0,2020.22224298541,2020.26229508197,141600000,hCoV-19/Belgium/ULG-10104/2020|EPI_ISL_427355|2020-04-06|Europe
2687,2688,0.06478239443,50.6549230133192,5.46169780790777,50.6647347168526,5.44013882855175,0.06930875328,0.00452635885,2020.22676934426,2020.29155173869,141600000,NA
2688,2689,0.04167760557,50.6647347168526,5.44013882855175,50.6451347444779,5.44391511352751,0.11098635885,0.06930875328,2020.29155173869,2020.33322934426,141600000,NA
2688,2694,0.000117605573199994,50.6647347168526,5.44013882855175,50.6514900921997,5.43324508169645,0.0694263588532,0.06930875328,2020.29155173869,2020.29166934426,141600000,NA
2689,2677,0.03562311475,50.6451347444779,5.44391511352751,50.6473899639485,5.44505105275864,0.1466094736,0.11098635885,2020.33322934426,2020.36885245901,141600000,hCoV-19/Belgium/ULG-10223/2020|EPI_ISL_498129|2020-05-15|Europe
2689,2690,0.01433,50.6451347444779,5.44391511352751,50.6469479209226,5.44436307288068,0.12531635885,0.11098635885,2020.33322934426,2020.34755934426,141600000,NA
2690,2691,0.00489000000000001,50.6469479209226,5.44436307288068,50.6539469833138,5.51303983807946,0.13020635885,0.12531635885,2020.34755934426,2020.35244934426,141600000,NA
2690,2692,0.00215000000000001,50.6469479209226,5.44436307288068,50.629853576333,5.66651365810182,0.12746635885,0.12531635885,2020.34755934426,2020.34970934426,141600000,NA
2691,2678,9.67213104699494e-06,50.6539469833138,5.51303983807946,50.6542034906732,5.51307756010797,0.130216030981047,0.13020635885,2020.35244934426,2020.35245901639,141600000,hCoV-19/Belgium/ULG-10179/2020|EPI_ISL_455967|2020-05-09|Europe
2691,2679,9.67213104699494e-06,50.6539469833138,5.51303983807946,50.6856772514394,5.49401553506162,0.130216030981047,0.13020635885,2020.35244934426,2020.35245901639,141600000,hCoV-19/Belgium/ULG-10180/2020|EPI_ISL_455968|2020-05-09|Europe
2692,2680,1.74316939199892e-05,50.629853576333,5.66651365810182,50.6297164850544,5.66632661475043,0.12748379054392,0.12746635885,2020.34970934426,2020.34972677595,141600000,hCoV-19/Belgium/ULG-10174/2020|EPI_ISL_455962|2020-05-08|Europe
2692,2693,0.00820000000000001,50.629853576333,5.66651365810182,50.625193861317,5.66207819746431,0.13566635885,0.12746635885,2020.34970934426,2020.35790934426,141600000,NA
2693,2682,0.01094311475,50.625193861317,5.66207819746431,50.6247340622468,5.41616682007608,0.1466094736,0.13566635885,2020.35790934426,2020.36885245901,141600000,hCoV-19/Belgium/ULG-10226/2020|EPI_ISL_498132|2020-05-15|Europe
2693,2681,1.41530055300099e-05,50.625193861317,5.66207819746431,50.5316670263422,5.4591071406417,0.13568051185553,0.13566635885,2020.35790934426,2020.35792349726,141600000,hCoV-19/Belgium/ULG-10170/2020|EPI_ISL_455958|2020-05-11|Europe
2694,2683,0.07991535519,50.6514900921997,5.43324508169645,50.6243503548757,5.4355569542564,0.1493417140432,0.0694263588532,2020.29166934426,2020.37158469945,141600000,hCoV-19/Belgium/ULG-10232/2020|EPI_ISL_498138|2020-05-16|Europe
2694,2684,0.00341262295100001,50.6514900921997,5.43324508169645,50.5439564733428,5.21809941330671,0.0728389818042,0.0694263588532,2020.29166934426,2020.29508196721,141600000,hCoV-19/Belgium/ULG-10151/2020|EPI_ISL_447148|2020-04-18|Europe
2706,2707,0.0082,50.6816200224567,5.65826405351818,50.5021695332808,5.58056345892571,0.0356299999972,0.0274299999972,2020.56827934426,2020.57647934426,141600000,NA
2706,2696,2.66666667400051e-05,50.6816200224567,5.65826405351818,50.6815108822699,5.65829522624821,0.02745666666394,0.0274299999972,2020.56827934426,2020.56830601093,141600000,hCoV-19/Belgium/ULG-10314/2020|EPI_ISL_540481|2020-07-27|Europe
2707,2697,2.33879781200014e-05,50.5021695332808,5.58056345892571,50.5019152094801,5.58118892495586,0.03565338797532,0.0356299999972,2020.57647934426,2020.57650273224,141600000,hCoV-19/Belgium/ULG-10332/2020|EPI_ISL_540499|2020-07-30|Europe
2707,2708,0.01984,50.5021695332808,5.58056345892571,50.6196485310013,5.60506134583333,0.0554699999972,0.0356299999972,2020.57647934426,2020.59631934426,141600000,NA
2708,2698,0.002041311475,50.6196485310013,5.60506134583333,50.6186111934546,5.60073895705162,0.0575113114722,0.0554699999972,2020.59631934426,2020.59836065573,141600000,hCoV-19/Belgium/ULG-10376/2020|EPI_ISL_540543|2020-08-07|Europe
2708,2699,0.01023803279,50.6196485310013,5.60506134583333,50.6246657952847,5.52755905253104,0.0657080327872,0.0554699999972,2020.59631934426,2020.60655737705,141600000,hCoV-19/Belgium/ULG-10396/2020|EPI_ISL_540563|2020-08-10|Europe
2710,2700,3.11475409899981e-05,50.6418442595812,5.62900960946514,50.6418290589914,5.62903798183218,0.03292114753859,0.0328899999976,2020.57373934426,2020.5737704918,141600000,hCoV-19/Belgium/ULG-10324/2020|EPI_ISL_540491|2020-07-29|Europe
2710,2711,0.00273,50.6418442595812,5.62900960946514,50.6475460269993,5.62922661945043,0.0356199999976,0.0328899999976,2020.57373934426,2020.57646934426,141600000,NA
2711,2701,3.33879781199975e-05,50.6475460269993,5.62922661945043,50.6059593566224,5.48668377155469,0.03565338797572,0.0356199999976,2020.57646934426,2020.57650273224,141600000,hCoV-19/Belgium/ULG-10337/2020|EPI_ISL_540504|2020-07-30|Europe
2711,2702,0.01915907104,50.6475460269993,5.62922661945043,50.6313380014536,5.63383637743357,0.0547790710376,0.0356199999976,2020.57646934426,2020.5956284153,141600000,hCoV-19/Belgium/ULG-10371/2020|EPI_ISL_540538|2020-08-06|Europe
2756,2793,0.000781396251300026,50.6077369058388,5.23377110400835,50.6077876732116,5.23401879400663,0.000781396251300026,0,2020.36635794801,2020.36713934426,141600000,NA
2793,2796,0.05038,50.6077876732116,5.23401879400663,50.6047051761694,5.21991463898351,0.0511613962513,0.000781396251300026,2020.36713934426,2020.41751934426,141600000,NA
2793,2794,0.33987,50.6077876732116,5.23401879400663,50.5412103497869,5.25719460470432,0.3406513962513,0.000781396251300026,2020.36713934426,2020.70700934426,141600000,NA
2794,2795,0.01976,50.5412103497869,5.25719460470432,50.5738645686465,5.85755070276257,0.3604113962513,0.3406513962513,2020.70700934426,2020.72676934426,141600000,NA
2794,2749,0.01703437158,50.5412103497869,5.25719460470432,50.5437531426885,5.25960332973896,0.3576857678313,0.3406513962513,2020.70700934426,2020.72404371584,141600000,hCoV-19/Belgium/ULG-10469/2020|EPI_ISL_581639|2020-09-22|Europe
2795,2751,6.61202187901555e-06,50.5738645686465,5.85755070276257,50.5738462877477,5.85752434644827,0.360418008273179,0.3604113962513,2020.72676934426,2020.72677595628,141600000,hCoV-19/Belgium/ULG-10479/2020|EPI_ISL_581575|2020-09-23|Europe
2796,2797,0.00869999999999999,50.6047051761694,5.21991463898351,50.6728779063227,5.55925685009965,0.0598613962513,0.0511613962513,2020.41751934426,2020.42621934426,141600000,NA
2796,2752,0.01963912568,50.6047051761694,5.21991463898351,50.5943963635866,5.21589326075825,0.0708005219313,0.0511613962513,2020.41751934426,2020.43715846994,141600000,hCoV-19/Belgium/ULG-10212/2020|EPI_ISL_484700|2020-06-09|Europe
2797,2753,1.01639343599857e-05,50.6728779063227,5.55925685009965,50.672834563072,5.55931930669708,0.05987156018566,0.0598613962513,2020.42621934426,2020.42622950819,141600000,hCoV-19/Belgium/ULG-10210/2020|EPI_ISL_484699|2020-06-05|Europe
2797,2798,0.03552,50.6728779063227,5.55925685009965,50.4500394416912,5.52642247137461,0.0953813962513,0.0598613962513,2020.42621934426,2020.46173934426,141600000,NA
2798,2755,9.28961745799706e-06,50.4500394416912,5.52642247137461,50.4500514301373,5.52637963689023,0.095390685868758,0.0953813962513,2020.46173934426,2020.46174863388,141600000,hCoV-19/Belgium/ULG-10246/2020|EPI_ISL_498628|2020-06-18|Europe
2798,2754,9.28961745799706e-06,50.4500394416912,5.52642247137461,50.4215942615647,5.4934460692676,0.095390685868758,0.0953813962513,2020.46173934426,2020.46174863388,141600000,hCoV-19/Belgium/ULG-10247/2020|EPI_ISL_498629|2020-06-18|Europe
2802,2799,0.02192131148,50.6587711704914,5.52607898666929,50.6871138148643,5.50422658499338,0.02192131148,0,2020.57643934426,2020.59836065574,141600000,hCoV-19/Belgium/ULG-10378/2020|EPI_ISL_540545|2020-08-07|Europe
2802,2803,0.04102,50.6587711704914,5.52607898666929,50.6514587851465,5.47971297274174,0.04102,0,2020.57643934426,2020.61745934426,141600000,NA
2803,2800,2.69945354699971e-05,50.6514587851465,5.47971297274174,50.6176960062667,5.38337084203148,0.04104699453547,0.04102,2020.61745934426,2020.6174863388,141600000,hCoV-19/Belgium/ULG-10413/2020|EPI_ISL_581595|2020-08-14|Europe
2803,2801,2.69945354699971e-05,50.6514587851465,5.47971297274174,50.6517506409471,5.4782724816697,0.04104699453547,0.04102,2020.61745934426,2020.6174863388,141600000,hCoV-19/Belgium/ULG-10427/2020|EPI_ISL_581587|2020-08-14
2856,2804,0.08188911595,50.5657498334396,5.54138535816678,50.5690897656843,5.52979207331456,0.08188911595,0,2020.51647153982,2020.59836065577,141600000,hCoV-19/Belgium/ULG-10383/2020|EPI_ISL_540550|2020-08-07|Europe
2856,2857,0.000787804472200004,50.5657498334396,5.54138535816678,50.56265070092,5.54322142804022,0.000787804472200004,0,2020.51647153982,2020.51725934429,141600000,NA
2857,2858,0.00458999999999998,50.56265070092,5.54322142804022,50.5433144492927,5.90531203547443,0.00537780447219999,0.000787804472200004,2020.51725934429,2020.52184934429,141600000,NA
2857,2859,0.01948138782,50.56265070092,5.54322142804022,50.5413808590454,5.22843762847155,0.0202691922922,0.000787804472200004,2020.51725934429,2020.53674073211,141600000,NA
2858,2806,8.57923491504042e-06,50.5433144492927,5.90531203547443,50.5433068182159,5.9053116228387,0.00538638370711503,0.00537780447219999,2020.52184934429,2020.52185792353,141600000,hCoV-19/Belgium/ULG-10258/2020|EPI_ISL_515065|2020-07-10|Europe
2858,2805,0.00274081967200002,50.5433144492927,5.90531203547443,50.5936658488174,5.83213971487669,0.0081186241442,0.00537780447219999,2020.52184934429,2020.52459016396,141600000,hCoV-19/Belgium/ULG-10259/2020|EPI_ISL_515066|2020-07-11|Europe
2859,2863,0.00126218537100004,50.5413808590454,5.22843762847155,50.5412897133225,5.2281364469323,0.0215313776632,0.0202691922922,2020.53674073211,2020.53800291748,141600000,NA
2859,2860,0.000728237088200023,50.5413808590454,5.22843762847155,50.5397708471629,5.2302701889237,0.0209974293804,0.0202691922922,2020.53674073211,2020.5374689692,141600000,NA
2860,2861,0.000770375089700015,50.5397708471629,5.2302701889237,50.5381530832958,5.22955392375856,0.0217678044701,0.0209974293804,2020.5374689692,2020.53823934429,141600000,NA
2860,2862,0.000770375089700015,50.5397708471629,5.2302701889237,50.5381530832958,5.22955392375856,0.0217678044701,0.0209974293804,2020.5374689692,2020.53823934429,141600000,NA
2861,2808,0.08744371585,50.5381530832958,5.22955392375856,50.5405387536986,5.23343064152238,0.1092115203201,0.0217678044701,2020.53823934429,2020.62568306014,141600000,hCoV-19/Belgium/ULG-10443/2020|EPI_ISL_581620|2020-08-17|Europe
2863,2811,0.000248448664899981,50.5412897133225,5.2281364469323,50.5584007416691,5.44964320356329,0.0217798263281,0.0215313776632,2020.53800291748,2020.53825136615,141600000,hCoV-19/Belgium/ULG-10254/2020|EPI_ISL_515061|2020-07-16|Europe
2863,2864,0.000236426806999979,50.5412897133225,5.2281364469323,50.5412833213544,5.22779600137624,0.0217678044702,0.0215313776632,2020.53800291748,2020.53823934429,141600000,NA
2864,2867,0.01255,50.5412833213544,5.22779600137624,50.5401731352947,5.21892520967034,0.0343178044702,0.0217678044702,2020.53823934429,2020.55078934429,141600000,NA
2864,2865,0.0370739228,50.5412833213544,5.22779600137624,50.5445646296415,5.22483575787487,0.0588417272702,0.0217678044702,2020.53823934429,2020.57531326709,141600000,NA
2865,2812,0.2334299023,50.5445646296415,5.22483575787487,50.6580980425771,5.61122902637888,0.2922716295702,0.0588417272702,2020.57531326709,2020.80874316939,141600000,hCoV-19/Belgium/ULG-10551/2020|EPI_ISL_626312|2020-10-23|Europe
2865,2866,0.000356077199500038,50.5445646296415,5.22483575787487,50.5450482123615,5.22396828447112,0.0591978044697,0.0588417272702,2020.57531326709,2020.57566934429,141600000,NA
2866,2814,0.01449459016,50.5450482123615,5.22396828447112,50.6032734960151,5.26487302458901,0.0736923946297,0.0591978044697,2020.57566934429,2020.59016393445,141600000,hCoV-19/Belgium/ULG-10347/2020|EPI_ISL_540514|2020-08-04|Europe
2866,2813,0.02269131148,50.5450482123615,5.22396828447112,50.5404444474412,5.23319932151168,0.0818891159497,0.0591978044697,2020.57566934429,2020.59836065577,141600000,hCoV-19/Belgium/ULG-10381/2020|EPI_ISL_540548|2020-08-07|Europe
2867,2871,0.00192999999999999,50.5401731352947,5.21892520967034,50.5410599368644,5.21743534777208,0.0362478044702,0.0343178044702,2020.55078934429,2020.55271934429,141600000,NA
2867,2868,0.00559999999999999,50.5401731352947,5.21892520967034,50.530340095012,5.23633415665848,0.0399178044702,0.0343178044702,2020.55078934429,2020.55638934429,141600000,NA
2868,2869,0.03376,50.530340095012,5.23633415665848,50.5268871671345,5.22694104813833,0.0736778044702,0.0399178044702,2020.55638934429,2020.59014934429,141600000,NA
2869,2816,1.45901639800328e-05,50.5268871671345,5.22694104813833,50.5273598350712,5.22691457529247,0.07369239463418,0.0736778044702,2020.59014934429,2020.59016393445,141600000,hCoV-19/Belgium/ULG-10355/2020|EPI_ISL_540522|2020-08-04|Europe
2869,2870,0.00505,50.5268871671345,5.22694104813833,50.52463227144,5.22879422300657,0.0787278044702,0.0736778044702,2020.59014934429,2020.59519934429,141600000,NA
2870,2817,0.00316131147499998,50.52463227144,5.22879422300657,50.506941441059,5.24239183427548,0.0818891159452,0.0787278044702,2020.59519934429,2020.59836065576,141600000,hCoV-19/Belgium/ULG-10386/2020|EPI_ISL_540553|2020-08-07|Europe
2870,2818,0.00316131147499998,50.52463227144,5.22879422300657,50.5370417348097,5.33916444447917,0.0818891159452,0.0787278044702,2020.59519934429,2020.59836065576,141600000,hCoV-19/Belgium/ULG-10379/2020|EPI_ISL_540546|2020-08-07|Europe
2871,2873,0.02108,50.5410599368644,5.21743534777208,50.5349503718006,5.2317009275578,0.0573278044702,0.0362478044702,2020.55271934429,2020.57379934429,141600000,NA
2873,2874,0.00428094089999997,50.5349503718006,5.2317009275578,50.5162544354112,5.3007973995498,0.0616087453702,0.0573278044702,2020.57379934429,2020.57808028519,141600000,NA
2873,2889,0.00184999999999996,50.5349503718006,5.2317009275578,50.5374907303822,5.22940092609618,0.0591778044702,0.0573278044702,2020.57379934429,2020.57564934429,141600000,NA
2874,2821,0.1268377476,50.5162544354112,5.3007973995498,50.5577649443526,5.82931750747047,0.1884464929702,0.0616087453702,2020.57808028519,2020.70491803279,141600000,hCoV-19/Belgium/ULG-10726/2020|EPI_ISL_641568|2020-09-15|Europe
2874,2875,0.00115905910000003,50.5162544354112,5.3007973995498,50.5172658670171,5.30018846001849,0.0627678044702,0.0616087453702,2020.57808028519,2020.57923934429,141600000,NA
2875,2878,0.00198999999999999,50.5172658670171,5.30018846001849,50.5165785848054,5.29934827638675,0.0647578044702,0.0627678044702,2020.57923934429,2020.58122934429,141600000,NA
2875,2876,1.99999999999645e-05,50.5172658670171,5.30018846001849,50.5172123335453,5.30028564970583,0.0627878044702,0.0627678044702,2020.57923934429,2020.57925934429,141600000,NA
2876,2822,0.03822699454,50.5172123335453,5.30028564970583,50.5306511171156,5.33810927131855,0.1010147990102,0.0627878044702,2020.57925934429,2020.61748633883,141600000,hCoV-19/Belgium/ULG-10420/2020|EPI_ISL_581602|2020-08-14|Europe
2876,2877,0.01089,50.5172123335453,5.30028564970583,50.5179676979554,5.30017853808245,0.0736778044702,0.0627878044702,2020.57925934429,2020.59014934429,141600000,NA
2877,2823,1.45901639800328e-05,50.5179676979554,5.30017853808245,50.5179973493239,5.3001555535574,0.07369239463418,0.0736778044702,2020.59014934429,2020.59016393445,141600000,hCoV-19/Belgium/ULG-10348/2020|EPI_ISL_540515|2020-08-04|Europe
2877,2824,0.00821131147500004,50.5179676979554,5.30017853808245,50.5883605176484,5.32745020130028,0.0818891159452,0.0736778044702,2020.59014934429,2020.59836065576,141600000,hCoV-19/Belgium/ULG-10388/2020|EPI_ISL_540555|2020-08-07|Europe
2878,2879,0.00891999999999998,50.5165785848054,5.29934827638675,50.4777148189398,5.20539794182692,0.0736778044702,0.0647578044702,2020.58122934429,2020.59014934429,141600000,NA
2878,2880,0.01456949276,50.5165785848054,5.29934827638675,50.5196675278172,5.30674243165226,0.0793272972302,0.0647578044702,2020.58122934429,2020.59579883705,141600000,NA
2879,2825,1.45901639800328e-05,50.4777148189398,5.20539794182692,50.477703856872,5.20540885928947,0.07369239463418,0.0736778044702,2020.59014934429,2020.59016393445,141600000,hCoV-19/Belgium/ULG-10344/2020|EPI_ISL_540511|2020-08-04|Europe
2879,2826,1.45901639800328e-05,50.4777148189398,5.20539794182692,50.5232517857743,5.30799318225731,0.07369239463418,0.0736778044702,2020.59014934429,2020.59016393445,141600000,hCoV-19/Belgium/ULG-10346/2020|EPI_ISL_540513|2020-08-04|Europe
2880,2881,0.000290507238700055,50.5196675278172,5.30674243165226,50.5196267493723,5.30641358042001,0.0796178044689,0.0793272972302,2020.59579883705,2020.59608934429,141600000,NA
2880,2882,0.003860507239,50.5196675278172,5.30674243165226,50.5235609079363,5.31007661463363,0.0831878044692,0.0793272972302,2020.59579883705,2020.59965934429,141600000,NA
2881,2828,0.00227131147499998,50.5196267493723,5.30641358042001,50.4857959791703,5.19348845319225,0.0818891159439,0.0796178044689,2020.59608934429,2020.59836065576,141600000,hCoV-19/Belgium/ULG-10375/2020|EPI_ISL_540542|2020-08-07|Europe
2881,2827,0.00227131147499998,50.5196267493723,5.30641358042001,50.4411559771178,5.29790762457946,0.0818891159439,0.0796178044689,2020.59608934429,2020.59836065576,141600000,hCoV-19/Belgium/ULG-10374/2020|EPI_ISL_540541|2020-08-07|Europe
2882,2883,0.00687000000000004,50.5235609079363,5.31007661463363,50.523863947686,5.31150248867466,0.0900578044692,0.0831878044692,2020.59965934429,2020.60652934429,141600000,NA
2882,2884,0.02375,50.5235609079363,5.31007661463363,50.5235671673129,5.31744540667139,0.1069378044692,0.0831878044692,2020.59965934429,2020.62340934429,141600000,NA
2883,2830,2.80327869599528e-05,50.523863947686,5.31150248867466,50.5680644561488,5.30268633868733,0.09008583725616,0.0900578044692,2020.60652934429,2020.60655737708,141600000,hCoV-19/Belgium/ULG-10399/2020|EPI_ISL_540566|2020-08-10|Europe
2883,2829,0.01095699454,50.523863947686,5.31150248867466,50.5257484735928,5.31452477683888,0.1010147990092,0.0900578044692,2020.60652934429,2020.61748633883,141600000,hCoV-19/Belgium/ULG-10432/2020|EPI_ISL_581610|2020-08-14|Europe
2884,2886,0.00827999999999995,50.5235671673129,5.31744540667139,50.5507088060729,5.2810098308604,0.1152178044692,0.1069378044692,2020.62340934429,2020.63168934429,141600000,NA
2884,2885,0.00224999999999997,50.5235671673129,5.31744540667139,50.5194168708604,5.32648800486555,0.1091878044692,0.1069378044692,2020.62340934429,2020.62565934429,141600000,NA
2885,2832,2.3715847070005e-05,50.5194168708604,5.32648800486555,50.5194275492119,5.32641811203616,0.10921152031627,0.1091878044692,2020.62565934429,2020.62568306014,141600000,hCoV-19/Belgium/ULG-10440/2020|EPI_ISL_581617|2020-08-17|Europe
2885,2831,2.3715847070005e-05,50.5194168708604,5.32648800486555,50.5660110351961,5.22778785282633,0.10921152031627,0.1091878044692,2020.62565934429,2020.62568306014,141600000,hCoV-19/Belgium/ULG-10439/2020|EPI_ISL_581594|2020-08-17|Europe
2886,2887,0.00216,50.5507088060729,5.2810098308604,50.5508952341768,5.28271514152831,0.1173778044692,0.1152178044692,2020.63168934429,2020.63384934429,141600000,NA
2887,2888,0.02186,50.5508952341768,5.28271514152831,50.6007463418523,5.83245390718388,0.1392378044692,0.1173778044692,2020.63384934429,2020.65570934429,141600000,NA
2887,2834,3.04371584500251e-05,50.5508952341768,5.28271514152831,50.5509434057205,5.28254352560151,0.11740824162765,0.1173778044692,2020.63384934429,2020.63387978145,141600000,hCoV-19/Belgium/ULG-10404/2020|EPI_ISL_540571|2020-08-20|Europe
2888,2836,2.83606556900073e-05,50.6007463418523,5.83245390718388,50.600297539533,5.8328758291453,0.13926616512489,0.1392378044692,2020.65570934429,2020.65573770494,141600000,hCoV-19/Belgium/ULG-10459/2020|EPI_ISL_581581|2020-08-28|Europe
2889,2890,0.000547651153500028,50.5374907303822,5.22940092609618,50.5376023263651,5.22997765795787,0.0597254556237,0.0591778044702,2020.57564934429,2020.57619699544,141600000,NA
2890,2891,0.000862348846499994,50.5376023263651,5.22997765795787,50.5377626664749,5.22997269037565,0.0605878044702,0.0597254556237,2020.57619699544,2020.57705934429,141600000,NA
2890,2892,0.000615277248599999,50.5376023263651,5.22997765795787,50.5357709905284,5.23155100357052,0.0603407328723,0.0597254556237,2020.57619699544,2020.57681227269,141600000,NA
2891,2838,0.04042699454,50.5377626664749,5.22997269037565,50.5427103486145,5.28925777983723,0.1010147990102,0.0605878044702,2020.57705934429,2020.61748633883,141600000,hCoV-19/Belgium/ULG-10419/2020|EPI_ISL_581601|2020-08-14|Europe
2891,2837,0.04862371585,50.5377626664749,5.22997269037565,50.5337938443715,5.23923895288675,0.1092115203202,0.0605878044702,2020.57705934429,2020.62568306014,141600000,hCoV-19/Belgium/ULG-10444/2020|EPI_ISL_581621|2020-08-17|Europe
2892,2894,0.000687071597899991,50.5357709905284,5.23155100357052,50.53579189652,5.23123731965242,0.0610278044702,0.0603407328723,2020.57681227269,2020.57749934429,141600000,NA
2894,2841,0.1465443716,50.53579189652,5.23123731965242,50.4107114091226,6.03848913208511,0.2075721760702,0.0610278044702,2020.57749934429,2020.72404371589,141600000,hCoV-19/Belgium/ULG-10468/2020|EPI_ISL_581638|2020-09-22|Europe
2903,2850,0.1820075956,50.4985319903063,5.64294144205059,50.5046207326843,5.64605618612519,0.3578454000702,0.1758378044702,2020.69230934429,2020.87431693989,141600000,hCoV-19/Belgium/ULG-10793/2020|EPI_ISL_661227|2020-11-16|Europe
2903,2904,0.00214,50.4985319903063,5.64294144205059,50.5013042579373,5.64641710574362,0.1779778044702,0.1758378044702,2020.69230934429,2020.69444934429,141600000,NA
2904,2851,0.1224905464,50.5013042579373,5.64641710574362,50.6213871961598,5.46850036364887,0.3004683508702,0.1779778044702,2020.69444934429,2020.81693989069,141600000,hCoV-19/Belgium/ULG-10654/2020|EPI_ISL_636631|2020-10-26|Europe
2906,2854,2.64480875200035e-05,50.6001217564741,5.54907927257328,50.6001548320176,5.54909304614754,0.18571425255772,0.1856878044702,2020.70215934429,2020.70218579238,141600000,hCoV-19/Belgium/ULG-10715/2020|EPI_ISL_641557|2020-09-14|Europe
2906,2853,2.64480875200035e-05,50.6001217564741,5.54907927257328,50.5981104244837,5.54368431029866,0.18571425255772,0.1856878044702,2020.70215934429,2020.70218579238,141600000,hCoV-19/Belgium/ULG-10716/2020|EPI_ISL_641558|2020-09-14|Europe
2910,2907,0.08856939891,50.5465665294956,5.3641318456759,50.7159008286687,5.01903156308114,0.08856939891,0,2020.55623934426,2020.64480874317,141600000,hCoV-19/Belgium/ULG-10445/2020|EPI_ISL_581588|2020-08-24
2910,2911,0.01478,50.5465665294956,5.3641318456759,50.5684322094456,5.34331013041755,0.01478,0,2020.55623934426,2020.57101934426,141600000,NA
2911,2908,0.02734131148,50.5684322094456,5.34331013041755,50.5796923488785,5.33569738345787,0.04212131148,0.01478,2020.57101934426,2020.59836065574,141600000,hCoV-19/Belgium/ULG-10380/2020|EPI_ISL_540547|2020-08-07|Europe
2940,2937,0.02580919891,50.5820024890925,5.61101761856672,50.5719304498226,5.62182612064746,0.02580919891,0,2020.69003779563,2020.71584699454,141600000,hCoV-19/Belgium/ULG-10743/2020|EPI_ISL_641585|2020-09-19|Europe
2940,2941,0.0006915486355,50.5820024890925,5.61101761856672,50.5818886294777,5.61055256853027,0.0006915486355,0,2020.69003779563,2020.69072934427,141600000,NA
2941,2938,0.02238540984,50.5818886294777,5.61055256853027,50.5846468506811,5.60737259604852,0.0230769584755,0.0006915486355,2020.69072934427,2020.71311475411,141600000,hCoV-19/Belgium/ULG-10736/2020|EPI_ISL_641578|2020-09-18|Europe
2941,2939,0.02511765027,50.5818886294777,5.61055256853027,50.571486539468,5.6296037037276,0.0258091989055,0.0006915486355,2020.69072934427,2020.71584699454,141600000,hCoV-19/Belgium/ULG-10741/2020|EPI_ISL_641583|2020-09-19|Europe
2974,2965,1.62841529300073e-05,50.5402007188293,5.41902415097993,50.5400511662316,5.41888147135916,0.01547628415293,0.01546,2020.17757934426,2020.17759562841,141600000,hCoV-19/Belgium/RYR-030649/2020|EPI_ISL_420315|2020-03-06|Europe
2974,2964,1.62841529300073e-05,50.5402007188293,5.41902415097993,50.6596343784132,5.90235210523679,0.01547628415293,0.01546,2020.17757934426,2020.17759562841,141600000,hCoV-19/Belgium/MJP-030684/2020|EPI_ISL_420340|2020-03-06|Europe
2989,2993,0.000372922245999996,50.6206436209358,5.61894363886866,50.6202979209096,5.61748152998154,0.000372922245999996,0,2020.52420642201,2020.52457934426,141600000,NA
2989,2990,0.00857292224599999,50.6206436209358,5.61894363886866,50.6269647142619,5.63067077575486,0.00857292224599999,0,2020.52420642201,2020.53277934426,141600000,NA
2990,2991,0.01639,50.6269647142619,5.63067077575486,50.6228029625995,5.64576899422552,0.024962922246,0.00857292224599999,2020.53277934426,2020.54916934426,141600000,NA
2991,2983,1.09836066300023e-05,50.6228029625995,5.64576899422552,50.6224447251112,5.64585896615227,0.02497390585263,0.024962922246,2020.54916934426,2020.54918032787,141600000,hCoV-19/Belgium/ULG-10263/2020|EPI_ISL_515070|2020-07-20|Europe
2991,2992,0.01093,50.6228029625995,5.64576899422552,50.5961726006464,5.58162470645215,0.035892922246,0.024962922246,2020.54916934426,2020.56009934426,141600000,NA
2992,2984,9.94535513700046e-06,50.5961726006464,5.58162470645215,50.5961874868523,5.58149333790023,0.035902867601137,0.035892922246,2020.56009934426,2020.56010928962,141600000,hCoV-19/Belgium/ULG-10310/2020|EPI_ISL_540477|2020-07-24|Europe
2992,2985,0.05738699454,50.5961726006464,5.58162470645215,50.6051635937995,5.59624780965343,0.093279916786,0.035892922246,2020.56009934426,2020.6174863388,141600000,hCoV-19/Belgium/ULG-10428/2020|EPI_ISL_581586|2020-08-14|Europe
2993,2994,0.03552,50.6202979209096,5.61748152998154,50.6168262341562,5.52746967591694,0.035892922246,0.000372922245999996,2020.52457934426,2020.56009934426,141600000,NA
2993,2986,1.08196720400022e-05,50.6202979209096,5.61748152998154,50.6198561711783,5.6181117427727,0.000383741918039998,0.000372922245999996,2020.52457934426,2020.52459016393,141600000,hCoV-19/Belgium/ULG-10264/2020|EPI_ISL_515071|2020-07-11|Europe
2994,2988,0.008206666667,50.6168262341562,5.52746967591694,50.6357177014134,5.52619237318832,0.044099588913,0.035892922246,2020.56009934426,2020.56830601093,141600000,hCoV-19/Belgium/ULG-10320/2020|EPI_ISL_540487|2020-07-27|Europe
2994,2987,9.94535513700046e-06,50.6168262341562,5.52746967591694,50.6173295987407,5.52426639822693,0.035902867601137,0.035892922246,2020.56009934426,2020.56010928962,141600000,hCoV-19/Belgium/ULG-10306/2020|EPI_ISL_540473|2020-07-24|Europe
3200,3197,9.39890718500147e-06,50.6966855114908,5.60740514958291,50.6969174314499,5.60663583071276,0.101289398907185,0.10128,2020.64479934426,2020.64480874317,141600000,hCoV-19/Belgium/ULG-10409/2020|EPI_ISL_540576|2020-08-24|Europe
3205,3201,0.01436387978,50.6461014586354,5.64466416260301,50.6443969303014,5.64552854316231,0.01436387978,0,2020.63590934426,2020.65027322404,141600000,hCoV-19/Belgium/ULG-10449/2020|EPI_ISL_581624|2020-08-26|Europe
3205,3206,0.02301,50.6461014586354,5.64466416260301,50.6393844382681,5.64414409337835,0.02301,0,2020.63590934426,2020.65891934426,141600000,NA
3206,3202,0.01594404372,50.6393844382681,5.64414409337835,50.6014210817417,5.65029840031502,0.03895404372,0.02301,2020.65891934426,2020.67486338798,141600000,hCoV-19/Belgium/ULG-10608/2020|EPI_ISL_626250|2020-09-04|Europe
3206,3207,0.00225,50.6393844382681,5.64414409337835,50.6393386555811,5.64631268673429,0.02526,0.02301,2020.65891934426,2020.66116934426,141600000,NA
3207,3203,3.28415299400003e-05,50.6393386555811,5.64631268673429,50.6765751687469,5.65057450448337,0.02529284152994,0.02526,2020.66116934426,2020.66120218579,141600000,hCoV-19/Belgium/ULG-10600/2020|EPI_ISL_626237|2020-08-30|Europe
3207,3204,3.28415299400003e-05,50.6393386555811,5.64631268673429,50.6392519900546,5.64604441679108,0.02529284152994,0.02526,2020.66116934426,2020.66120218579,141600000,hCoV-19/Belgium/ULG-10601/2020|EPI_ISL_626238|2020-08-30|Europe
