node1,node2,length,startLat,startLon,endLat,endLon,endNodeL,startNodeL,startYear,endYear,treeID,tipLabel
515,1,0.1903046668,633039.755702612,596724.590503995,634160.612966664,596577.605389899,0.1903046668,0,2020.15942210917,2020.34972677597,224800000,SARS2-CoV/Belgium/Human/rega-0508542
515,516,0.000767235133899979,633039.755702612,596724.590503995,689047.66078266,716192.339176564,0.000767235133899979,0,2020.15942210917,2020.1601893443,224800000,NA
516,2,0.0119418032800001,689047.66078266,716192.339176564,688883.725110881,716199.373426527,0.0127090384139,0.000767235133899979,2020.1601893443,2020.17213114758,224800000,hCoV-19/Belgium/JRH-030459/2020|EPI_ISL_418988|2020-03-04|Europe
516,517,0.00871673244299997,689047.66078266,716192.339176564,670850.082277955,647657.430519109,0.00948396757689995,0.000767235133899979,2020.1601893443,2020.16890607674,224800000,NA
517,534,0.000666367222500019,670850.082277955,647657.430519109,670838.667524726,647629.034967366,0.0101503347994,0.00948396757689995,2020.16890607674,2020.16957244397,224800000,NA
517,518,0.000710417046000056,670850.082277955,647657.430519109,670834.905515732,647680.063712762,0.0101943846229,0.00948396757689995,2020.16890607674,2020.16961649379,224800000,NA
518,523,0.000370253103599949,670834.905515732,647680.063712762,666639.332217318,646840.248691551,0.0105646377265,0.0101943846229,2020.16961649379,2020.16998674689,224800000,NA
518,519,0.000384882499300021,670834.905515732,647680.063712762,670835.445948901,647675.236076151,0.0105792671222,0.0101943846229,2020.16961649379,2020.17000137629,224800000,NA
519,520,0.000736547700399992,670835.445948901,647675.236076151,670833.95648556,647705.71789373,0.0113158148226,0.0105792671222,2020.17000137629,2020.17073792399,224800000,NA
519,7,0.5540423396,670835.445948901,647675.236076151,669005.867105273,662545.027351817,0.5646216067222,0.0105792671222,2020.17000137629,2020.72404371589,224800000,SARS2-CoV/Belgium/Human/rega-09221020
520,521,0.000841420310999985,670833.95648556,647705.71789373,670830.928687199,647704.388167317,0.0121572351336,0.0113158148226,2020.17073792399,2020.1715793443,224800000,NA
520,522,0.000841420310999985,670833.95648556,647705.71789373,670830.928687199,647704.388167317,0.0121572351336,0.0113158148226,2020.17073792399,2020.1715793443,224800000,NA
521,3,0.05519661202,670830.928687199,647704.388167317,642302.532231465,760799.729906486,0.0673538471536,0.0121572351336,2020.1715793443,2020.22677595632,224800000,hCoV-19/Belgium/ULG-0536/2020|EPI_ISL_447133|2020-03-24|Europe
521,4,0.1180381421,670830.928687199,647704.388167317,675500.338352573,651419.872036165,0.1301953772336,0.0121572351336,2020.1715793443,2020.2896174864,224800000,SARS2-CoV/Belgium/Human/rega-0416498
522,6,0.06885781421,670830.928687199,647704.388167317,626530.582561016,639306.648196107,0.0810150493436,0.0121572351336,2020.1715793443,2020.24043715851,224800000,hCoV-19/Belgium/Rega-0329245/2020|EPI_ISL_458215|2020-03-29|Europe
522,5,0.06885781421,670830.928687199,647704.388167317,633243.199117276,607870.012112868,0.0810150493436,0.0121572351336,2020.1715793443,2020.24043715851,224800000,hCoV-19/Belgium/Rega-0329225/2020|EPI_ISL_458195|2020-03-29|Europe
523,524,0.000715774240100053,666639.332217318,646840.248691551,648187.240738393,608957.973376228,0.0112804119666,0.0105646377265,2020.16998674689,2020.17070252113,224800000,NA
523,530,0.00116667175700003,666639.332217318,646840.248691551,666637.601453214,646830.611553209,0.0117313094835,0.0105646377265,2020.16998674689,2020.17115341865,224800000,NA
524,528,0.000876823166999996,648187.240738393,608957.973376228,648445.331662971,609155.746358925,0.0121572351336,0.0112804119666,2020.17070252113,2020.1715793443,224800000,NA
524,525,0.000876823166999996,648187.240738393,608957.973376228,648445.331662971,609155.746358925,0.0121572351336,0.0112804119666,2020.17070252113,2020.1715793443,224800000,NA
525,526,0.02201,648445.331662971,609155.746358925,638396.236661197,724052.640975037,0.0341672351336,0.0121572351336,2020.1715793443,2020.1935893443,224800000,NA
525,527,0.05518,648445.331662971,609155.746358925,648468.319286605,609104.554727234,0.0673372351336,0.0121572351336,2020.1715793443,2020.2267593443,224800000,NA
526,8,0.01406092896,638396.236661197,724052.640975037,653756.880624094,734261.835141199,0.0482281640936,0.0341672351336,2020.1935893443,2020.20765027326,224800000,hCoV-19/Belgium/HMM-0317327/2020|EPI_ISL_462181|2020-03-17|Europe
526,9,0.06324125683,638396.236661197,724052.640975037,638289.429016317,724040.817117477,0.0974084919636,0.0341672351336,2020.1935893443,2020.25683060113,224800000,hCoV-19/Belgium/ULG-10092/2020|EPI_ISL_424647|2020-04-04|Europe
527,11,1.66120218799692e-05,648468.319286605,609104.554727234,648469.682995158,609103.591858154,0.06735384715548,0.0673372351336,2020.2267593443,2020.22677595632,224800000,hCoV-19/Belgium/PM-0324144/2020|EPI_ISL_420401|2020-03-24|Europe
527,10,0.03007125683,648468.319286605,609104.554727234,643056.014965362,613071.858639464,0.0974084919636,0.0673372351336,2020.2267593443,2020.25683060113,224800000,hCoV-19/Belgium/CK-0404276/2020|EPI_ISL_464070|2020-04-04|Europe
528,12,0.06885781421,648445.331662971,609155.746358925,624362.661292742,604980.626654504,0.0810150493436,0.0121572351336,2020.1715793443,2020.24043715851,224800000,hCoV-19/Belgium/Rega-0329231/2020|EPI_ISL_458201|2020-03-29|Europe
528,529,0.04152,648445.331662971,609155.746358925,651742.430509875,741660.186847759,0.0536772351336,0.0121572351336,2020.1715793443,2020.2130993443,224800000,NA
529,13,1.54098360199972e-05,651742.430509875,741660.186847759,651744.064496202,741658.471194025,0.05369264496962,0.0536772351336,2020.2130993443,2020.21311475414,224800000,hCoV-19/Belgium/OT-0319109/2020|EPI_ISL_420365|2020-03-19|Europe
529,14,0.0519279781399999,651742.430509875,741660.186847759,663350.798694364,654209.191318193,0.1056052132736,0.0536772351336,2020.2130993443,2020.26502732244,224800000,hCoV-19/Belgium/PY-0407405/2020|EPI_ISL_462259|2020-04-07|Europe
530,532,0.000425925650299974,666637.601453214,646830.611553209,666625.947346277,646836.471958574,0.0121572351338,0.0117313094835,2020.17115341865,2020.1715793443,224800000,NA
530,531,0.000425925650299974,666637.601453214,646830.611553209,666625.947346277,646836.471958574,0.0121572351338,0.0117313094835,2020.17115341865,2020.1715793443,224800000,NA
531,16,0.05519661202,666625.947346277,646836.471958574,627276.093381697,646193.365996107,0.0673538471538,0.0121572351338,2020.1715793443,2020.22677595632,224800000,hCoV-19/Belgium/RS-0324138/2020|EPI_ISL_420395|2020-03-24|Europe
531,15,0.0524643715800001,666625.947346277,646836.471958574,666666.695672996,647098.440764908,0.0646216067138,0.0121572351338,2020.1715793443,2020.22404371588,224800000,hCoV-19/Belgium/LPDC-0323115/2020|EPI_ISL_420372|2020-03-23|Europe
532,17,0.1262348634,666625.947346277,646836.471958574,657727.00284071,567326.801517105,0.1383920985338,0.0121572351338,2020.1715793443,2020.2978142077,224800000,SARS2-CoV/Belgium/Human/rega-0419586
532,533,0.0335058383400001,666625.947346277,646836.471958574,666640.075342665,647117.467895781,0.0456630734738001,0.0121572351338,2020.1715793443,2020.20508518264,224800000,NA
533,19,0.0626743802399999,666640.075342665,647117.467895781,631675.383651002,742493.669721139,0.1083374537138,0.0456630734738001,2020.20508518264,2020.26775956288,224800000,hCoV-19/Belgium/ULG-10141/2020|EPI_ISL_427386|2020-04-08|Europe
533,18,0.03261973543,666640.075342665,647117.467895781,625420.025317707,609332.886083401,0.0782828089038,0.0456630734738001,2020.20508518264,2020.23770491807,224800000,hCoV-19/Belgium/FA-0328311/2020|EPI_ISL_462165|2020-03-28|Europe
534,535,0.000889945982500029,670838.667524726,647629.034967366,670863.154293552,647609.443015385,0.0110402807819,0.0101503347994,2020.16957244397,2020.17046238995,224800000,NA
534,555,0.000508820714199998,670838.667524726,647629.034967366,670848.166067488,647626.40806829,0.0106591555136,0.0101503347994,2020.16957244397,2020.17008126468,224800000,NA
535,546,0.000853638972299953,670863.154293552,647609.443015385,651874.965771807,669295.250830293,0.0118939197542,0.0110402807819,2020.17046238995,2020.17131602892,224800000,NA
535,536,0.000802019861000036,670863.154293552,647609.443015385,670852.041146602,647610.596556528,0.0118423006429,0.0110402807819,2020.17046238995,2020.17126440981,224800000,NA
536,538,0.000314934490599938,670852.041146602,647610.596556528,670858.147679483,647600.598823753,0.0121572351335,0.0118423006429,2020.17126440981,2020.1715793443,224800000,NA
536,537,0.09297190789,670852.041146602,647610.596556528,671796.10119914,647328.508351771,0.1048142085329,0.0118423006429,2020.17126440981,2020.2642363177,224800000,NA
537,21,0.06090029436,671796.10119914,647328.508351771,671833.579418008,647404.434124362,0.1657145028929,0.1048142085329,2020.2642363177,2020.32513661206,224800000,SARS2-CoV/Belgium/Human/rega-0429618
537,20,0.0281134091099999,671796.10119914,647328.508351771,671598.609910646,645074.682736382,0.1329276176429,0.1048142085329,2020.2642363177,2020.29234972681,224800000,SARS2-CoV/Belgium/Human/rega-0417504
538,542,0.0683400000000001,670858.147679483,647600.598823753,633959.671862461,757970.036315172,0.0804972351335,0.0121572351335,2020.1715793443,2020.2399193443,224800000,NA
538,539,0.03508,670858.147679483,647600.598823753,626594.358505437,607259.690697533,0.0472372351335,0.0121572351335,2020.1715793443,2020.2066593443,224800000,NA
539,540,0.00180999999999998,626594.358505437,607259.690697533,626618.477717462,607292.965093553,0.0490472351335,0.0472372351335,2020.2066593443,2020.2084693443,224800000,NA
539,22,0.000990928961799975,626594.358505437,607259.690697533,626596.790466506,607244.928849229,0.0482281640953,0.0472372351335,2020.2066593443,2020.20765027326,224800000,hCoV-19/Belgium/GE-0317105/2020|EPI_ISL_420361|2020-03-17|Europe
540,541,0.00190000000000001,626618.477717462,607292.965093553,614539.077655027,602362.717976467,0.0509472351335,0.0490472351335,2020.2084693443,2020.2103693443,224800000,NA
540,23,0.00191316939899999,626618.477717462,607292.965093553,649056.300373072,587166.586338931,0.0509604045324999,0.0490472351335,2020.2084693443,2020.2103825137,224800000,hCoV-19/Belgium/VL-0318104/2020|EPI_ISL_420360|2020-03-18|Europe
541,25,1.31693988900672e-05,614539.077655027,602362.717976467,613331.425540215,602629.786551794,0.05096040453239,0.0509472351335,2020.2103693443,2020.2103825137,224800000,hCoV-19/Belgium/UM-0318103/2020|EPI_ISL_420359|2020-03-18|Europe
541,24,1.31693988900672e-05,614539.077655027,602362.717976467,614530.801391076,602353.615833479,0.05096040453239,0.0509472351335,2020.2103693443,2020.2103825137,224800000,hCoV-19/Belgium/VD-0318102/2020|EPI_ISL_420358|2020-03-18|Europe
542,26,0.0196434972699999,633959.671862461,757970.036315172,633945.740746151,758238.830176841,0.1001407324035,0.0804972351335,2020.2399193443,2020.25956284157,224800000,hCoV-19/Belgium/ULG-10056/2020|EPI_ISL_424655|2020-04-05|Europe
542,543,0.00268999999999997,633959.671862461,757970.036315172,633897.542500411,757890.368060006,0.0831872351335,0.0804972351335,2020.2399193443,2020.2426093443,224800000,NA
543,27,0.05520486339,633897.542500411,757890.368060006,647449.650043107,760520.548797087,0.1383920985235,0.0831872351335,2020.2426093443,2020.29781420769,224800000,hCoV-19/Belgium/ULG-10163/2020|EPI_ISL_447157|2020-04-19|Europe
543,544,0.01115,633897.542500411,757890.368060006,636273.445996622,765903.372320561,0.0943372351335,0.0831872351335,2020.2426093443,2020.2537593443,224800000,NA
544,545,0.0105799999999999,636273.445996622,765903.372320561,634657.772342485,753354.901469604,0.1049172351335,0.0943372351335,2020.2537593443,2020.2643393443,224800000,NA
544,28,0.000339016393399949,636273.445996622,765903.372320561,636282.755706651,765903.8448959,0.0946762515269,0.0943372351335,2020.2537593443,2020.25409836069,224800000,hCoV-19/Belgium/ULG-10069/2020|EPI_ISL_424633|2020-04-03|Europe
545,29,0.0034202185790001,634657.772342485,753354.901469604,634641.772127775,753355.500100618,0.1083374537125,0.1049172351335,2020.2643393443,2020.26775956288,224800000,hCoV-19/Belgium/ULG-10137/2020|EPI_ISL_427382|2020-04-08|Europe
545,30,0.000687978142100087,634657.772342485,753354.901469604,641346.662420633,754753.6451414,0.1056052132756,0.1049172351335,2020.2643393443,2020.26502732244,224800000,hCoV-19/Belgium/ULG-10111/2020|EPI_ISL_427361|2020-04-07|Europe
546,554,0.05844331538,651874.965771807,669295.250830293,685511.025150909,669612.43148609,0.0703372351342,0.0118939197542,2020.17131602892,2020.2297593443,224800000,NA
546,547,0.000263315379300022,651874.965771807,669295.250830293,651875.139273413,669280.194939317,0.0121572351335,0.0118939197542,2020.17131602892,2020.1715793443,224800000,NA
547,550,0.05993,651875.139273413,669280.194939317,633906.18250838,734342.137030374,0.0720872351335,0.0121572351335,2020.1715793443,2020.2315093443,224800000,NA
547,548,0.0224800000000001,651875.139273413,669280.194939317,651887.261391473,669202.645519656,0.0346372351335,0.0121572351335,2020.1715793443,2020.1940593443,224800000,NA
548,549,0.0135799999999999,651887.261391473,669202.645519656,619892.624379041,661516.688101153,0.0482172351335,0.0346372351335,2020.1940593443,2020.2076393443,224800000,NA
548,31,0.03544885246,651887.261391473,669202.645519656,641179.454816536,629356.413866479,0.0700860875935,0.0346372351335,2020.1940593443,2020.22950819676,224800000,hCoV-19/Belgium/PJM-0325166/2020|EPI_ISL_420423|2020-03-25|Europe
549,32,0.00547540983600003,619892.624379041,661516.688101153,620263.251728087,659935.580323683,0.0536926449695,0.0482172351335,2020.2076393443,2020.21311475414,224800000,hCoV-19/Belgium/ULG-8595/2020|EPI_ISL_418634|2020-03-19|Europe
549,33,1.09289617700181e-05,619892.624379041,661516.688101153,619892.535603341,661517.349832789,0.04822816409527,0.0482172351335,2020.2076393443,2020.20765027326,224800000,hCoV-19/Belgium/ULG-7921/2020|EPI_ISL_447136|2020-03-17|Europe
550,551,0.0132,633906.18250838,734342.137030374,633873.392716308,734326.230968188,0.0852872351335,0.0720872351335,2020.2315093443,2020.2447093443,224800000,NA
550,552,0.0108999999999999,633906.18250838,734342.137030374,633931.879490809,734251.970131238,0.0829872351334999,0.0720872351335,2020.2315093443,2020.2424093443,224800000,NA
551,35,0.02578245902,633873.392716308,734326.230968188,639848.996921412,627161.459161564,0.1110696941535,0.0852872351335,2020.2447093443,2020.27049180332,224800000,SARS2-CoV/Belgium/Human/rega-0409562
551,34,0.00119229508200003,633873.392716308,734326.230968188,609128.636196752,639723.174779285,0.0864795302155,0.0852872351335,2020.2447093443,2020.24590163938,224800000,hCoV-19/Belgium/BD0331362/2020|EPI_ISL_462216|2020-03-31|Europe
552,36,0.1045851913,633931.879490809,734251.970131238,644866.18597885,735602.530896606,0.1875724264335,0.0829872351334999,2020.2424093443,2020.3469945356,224800000,hCoV-19/Belgium/ULG-10206/2020|EPI_ISL_484695|2020-05-07|Europe
552,553,0.11277,633931.879490809,734251.970131238,633903.12045025,733971.140477179,0.1957572351335,0.0829872351334999,2020.2424093443,2020.3551793443,224800000,NA
553,37,0.02186983607,633903.12045025,733971.140477179,636001.339161305,733409.470405932,0.2176270712035,0.1957572351335,2020.3551793443,2020.37704918037,224800000,hCoV-19/Belgium/ULG-10195/2020|EPI_ISL_471430|2020-05-18|Europe
553,38,1.19125681700138e-05,633903.12045025,733971.140477179,633903.518721289,733969.935838166,0.19576914770167,0.1957572351335,2020.3551793443,2020.35519125687,224800000,hCoV-19/Belgium/ULG-10190/2020|EPI_ISL_455978|2020-05-10|Europe
554,40,0.1882734426,685511.025150909,669612.43148609,676002.051598235,694871.647182943,0.2586106777342,0.0703372351342,2020.2297593443,2020.4180327869,224800000,SARS2-CoV/Belgium/Human/rega-0602697
554,39,0.00248109289599996,685511.025150909,669612.43148609,685249.429128792,669700.731846504,0.0728183280301999,0.0703372351342,2020.2297593443,2020.2322404372,224800000,hCoV-19/Belgium/Rega-0326261/2020|EPI_ISL_458231|2020-03-26|Europe
555,665,0.000349748036600039,670848.166067488,647626.40806829,670853.473946014,647632.14439385,0.0110089035502,0.0106591555136,2020.17008126468,2020.17043101272,224800000,NA
555,556,0.00146146679900006,670848.166067488,647626.40806829,670988.076773991,647600.354217844,0.0121206223126,0.0106591555136,2020.17008126468,2020.17154273148,224800000,NA
556,557,3.66128211399808e-05,670988.076773991,647600.354217844,670995.759364758,647606.021504323,0.01215723513374,0.0121206223126,2020.17154273148,2020.1715793443,224800000,NA
556,586,3.66128211399808e-05,670988.076773991,647600.354217844,670995.759364758,647606.021504323,0.01215723513374,0.0121206223126,2020.17154273148,2020.1715793443,224800000,NA
557,558,0.0174799999999999,670995.759364758,647606.021504323,645627.878287807,724681.410389163,0.0296372351337399,0.01215723513374,2020.1715793443,2020.1890593443,224800000,NA
557,568,0.01345523294,670995.759364758,647606.021504323,671032.578430773,647590.263689281,0.02561246807374,0.01215723513374,2020.1715793443,2020.18503457724,224800000,NA
558,559,0.0235000000000001,645627.878287807,724681.410389163,645512.851811742,723855.988257824,0.05313723513374,0.0296372351337399,2020.1890593443,2020.2125593443,224800000,NA
558,562,0.0112000000000001,645627.878287807,724681.410389163,645871.798913396,724596.96723193,0.04083723513374,0.0296372351337399,2020.1890593443,2020.2002593443,224800000,NA
559,41,0.04427125683,645512.851811742,723855.988257824,647205.116788928,719878.750528854,0.09740849196374,0.05313723513374,2020.2125593443,2020.25683060113,224800000,hCoV-19/Belgium/ULG-10077/2020|EPI_ISL_424642|2020-04-04|Europe
559,560,0.01147,645512.851811742,723855.988257824,658188.601509853,758924.311649151,0.06460723513374,0.05313723513374,2020.2125593443,2020.2240293443,224800000,NA
560,561,0.01602,658188.601509853,758924.311649151,653977.102423388,743192.121403434,0.08062723513374,0.06460723513374,2020.2240293443,2020.2400493443,224800000,NA
560,42,1.43715847499282e-05,658188.601509853,758924.311649151,658189.911709655,758925.546681184,0.0646216067184899,0.06460723513374,2020.2240293443,2020.22404371589,224800000,hCoV-19/Belgium/ULG-0189/2020|EPI_ISL_447129|2020-03-23|Europe
561,44,0.0249779781399999,653977.102423388,743192.121403434,653982.028004491,743217.150568046,0.10560521327374,0.08062723513374,2020.2400493443,2020.26502732244,224800000,hCoV-19/Belgium/ULG-10100/2020|EPI_ISL_427351|2020-04-07|Europe
561,43,0.01404901639,653977.102423388,743192.121403434,643034.030540462,741710.588381918,0.09467625152374,0.08062723513374,2020.2400493443,2020.25409836069,224800000,hCoV-19/Belgium/ULG-10081/2020|EPI_ISL_424640|2020-04-03|Europe
562,563,0.00946999999999998,645871.798913396,724596.96723193,642581.982277038,738152.063497396,0.05030723513374,0.04083723513374,2020.2002593443,2020.2097293443,224800000,NA
562,45,0.01558765027,645871.798913396,724596.96723193,645876.362000332,724645.816429685,0.05642488540374,0.04083723513374,2020.2002593443,2020.21584699457,224800000,hCoV-19/Belgium/ULG-10216/2020|EPI_ISL_484704|2020-03-20|Europe
563,565,0.00864879419999998,642581.982277038,738152.063497396,650039.97397009,736253.730834942,0.05895602933374,0.05030723513374,2020.2097293443,2020.2183781385,224800000,NA
563,564,0.01156,642581.982277038,738152.063497396,642637.51598434,738133.903709877,0.06186723513374,0.05030723513374,2020.2097293443,2020.2212893443,224800000,NA
564,47,2.21311476299446e-05,642637.51598434,738133.903709877,642693.373794547,738192.943492869,0.06188936628137,0.06186723513374,2020.2212893443,2020.22131147545,224800000,hCoV-19/Belgium/ULG-9716/2020|EPI_ISL_418657|2020-03-22|Europe
564,46,0.1257051913,642637.51598434,738133.903709877,631145.521591523,736134.396808679,0.18757242643374,0.06186723513374,2020.2212893443,2020.3469945356,224800000,hCoV-19/Belgium/ULG-10204/2020|EPI_ISL_484693|2020-05-07|Europe
565,567,0.000181205800300011,650039.97397009,736253.730834942,650029.632675671,736269.469126793,0.05913723513404,0.05895602933374,2020.2183781385,2020.2185593443,224800000,NA
565,566,0.000181205800300011,650039.97397009,736253.730834942,650029.632675671,736269.469126793,0.05913723513404,0.05895602933374,2020.2183781385,2020.2185593443,224800000,NA
566,49,0.02461005464,650029.632675671,736269.469126793,646454.331909914,740300.602423161,0.08374728977404,0.05913723513404,2020.2185593443,2020.24316939894,224800000,hCoV-19/Belgium/ULG-10040/2020|EPI_ISL_421208|2020-03-30|Europe
566,48,0.04100349727,650029.632675671,736269.469126793,650352.675215162,735836.282137348,0.10014073240404,0.05913723513404,2020.2185593443,2020.25956284157,224800000,hCoV-19/Belgium/ULG-10060/2020|EPI_ISL_424663|2020-04-05|Europe
567,51,1.98907102699764e-05,650029.632675671,736269.469126793,649944.528814386,740139.759482557,0.05915712584431,0.05913723513404,2020.2185593443,2020.21857923501,224800000,hCoV-19/Belgium/ULG-9558/2020|EPI_ISL_418645|2020-03-21|Europe
567,50,0.02461005464,650029.632675671,736269.469126793,641896.405894611,719904.194123305,0.08374728977404,0.05913723513404,2020.2185593443,2020.24316939894,224800000,hCoV-19/Belgium/ULG-10008/2020|EPI_ISL_421187|2020-03-30|Europe
568,569,0.000357078228300001,671032.578430773,647590.263689281,641419.308519954,733166.150259008,0.02596954630204,0.02561246807374,2020.18503457724,2020.18539165547,224800000,NA
568,572,0.000500771575400072,671032.578430773,647590.263689281,671037.627087918,647602.597706798,0.02611323964914,0.02561246807374,2020.18503457724,2020.18553534882,224800000,NA
569,570,0.000387688828900057,641419.308519954,733166.150259008,641415.397615219,733185.57709636,0.02635723513094,0.02596954630204,2020.18539165547,2020.1857793443,224800000,NA
569,571,0.000387688828900057,641419.308519954,733166.150259008,641415.397615219,733185.57709636,0.02635723513094,0.02596954630204,2020.18539165547,2020.1857793443,224800000,NA
570,53,0.0765157377,641415.397615219,733185.57709636,641165.075946999,733345.791361948,0.10287297283094,0.02635723513094,2020.1857793443,2020.262295082,224800000,hCoV-19/Belgium/ULG-10112/2020|EPI_ISL_427362|2020-04-06|Europe
570,52,0.03553213115,641415.397615219,733185.57709636,644826.45123558,734144.457837609,0.06188936628094,0.02635723513094,2020.1857793443,2020.22131147545,224800000,hCoV-19/Belgium/ULG-9739/2020|EPI_ISL_418663|2020-03-22|Europe
571,54,0.03553213115,641415.397615219,733185.57709636,648154.348561381,732749.220804395,0.06188936628094,0.02635723513094,2020.1857793443,2020.22131147545,224800000,hCoV-19/Belgium/ULG-9647/2020|EPI_ISL_418653|2020-03-22|Europe
571,55,1.30054645299804e-05,641415.397615219,733185.57709636,647804.216736068,740403.569021691,0.02637024059547,0.02635723513094,2020.1857793443,2020.18579234976,224800000,hCoV-19/Belgium/FAE-030948/2020|EPI_ISL_420445|2020-03-09|Europe
572,56,0.03031164575,671037.627087918,647602.597706798,670488.329831508,662346.975008787,0.05642488539914,0.02611323964914,2020.18553534882,2020.21584699457,224800000,hCoV-19/Belgium/Rega-0320258/2020|EPI_ISL_458228|2020-03-20|Europe
572,573,0.01200399548,671037.627087918,647602.597706798,671177.143983502,647255.383527952,0.03811723512914,0.02611323964914,2020.18553534882,2020.1975393443,224800000,NA
573,574,0.00190000000000001,671177.143983502,647255.383527952,614539.077655027,602362.717976467,0.04001723512914,0.03811723512914,2020.1975393443,2020.1994393443,224800000,NA
573,579,0.03195,671177.143983502,647255.383527952,648045.190905563,574696.475695746,0.07006723512914,0.03811723512914,2020.1975393443,2020.2294893443,224800000,NA
574,575,0.02955,614539.077655027,602362.717976467,645926.773450884,736335.226816415,0.06956723512914,0.04001723512914,2020.1994393443,2020.2289893443,224800000,NA
574,57,1.42076501600252e-05,614539.077655027,602362.717976467,645088.457407658,771865.343625033,0.0400314427793,0.04001723512914,2020.1994393443,2020.19945355195,224800000,hCoV-19/Belgium/ULG-6839/2020|EPI_ISL_447120|2020-03-14|Europe
575,576,0.00189000000000006,645926.773450884,736335.226816415,646092.512481045,736462.364235284,0.07145723512914,0.06956723512914,2020.2289893443,2020.2308793443,224800000,NA
575,58,0.01964453552,645926.773450884,736335.226816415,658101.889258009,702730.794501813,0.08921177064914,0.06956723512914,2020.2289893443,2020.24863387982,224800000,hCoV-19/Belgium/LPJ-0401364/2020|EPI_ISL_462218|2020-04-01|Europe
576,578,0.0115999999999999,646092.512481045,736462.364235284,655342.140046856,660056.926560072,0.08305723512914,0.07145723512914,2020.2308793443,2020.2424793443,224800000,NA
576,577,0.03413,646092.512481045,736462.364235284,645900.345607826,736425.813277771,0.10558723512914,0.07145723512914,2020.2308793443,2020.2650093443,224800000,NA
577,60,0.0300726229499999,645900.345607826,736425.813277771,645833.108459581,736429.002158018,0.13565985807914,0.10558723512914,2020.2650093443,2020.29508196725,224800000,hCoV-19/Belgium/ULG-10159/2020|EPI_ISL_447154|2020-04-18|Europe
577,59,1.7978142099917e-05,645900.345607826,736425.813277771,650406.029108391,732760.896505495,0.10560521327124,0.10558723512914,2020.2650093443,2020.26502732244,224800000,hCoV-19/Belgium/ULG-10119/2020|EPI_ISL_427367|2020-04-07|Europe
578,62,0.02254797814,655342.140046856,660056.926560072,645884.983329643,737455.926964558,0.10560521326914,0.08305723512914,2020.2424793443,2020.26502732244,224800000,hCoV-19/Belgium/ULG-10128/2020|EPI_ISL_427374|2020-04-07|Europe
578,61,0.00342229508199998,655342.140046856,660056.926560072,655333.446528708,660078.500961197,0.08647953021114,0.08305723512914,2020.2424793443,2020.24590163938,224800000,hCoV-19/Belgium/SN-0331360/2020|EPI_ISL_462214|2020-03-31|Europe
579,580,0.0133599999999999,648045.190905563,574696.475695746,636090.957788468,596530.176894756,0.08342723512914,0.07006723512914,2020.2294893443,2020.2428493443,224800000,NA
579,63,1.88524590098993e-05,648045.190905563,574696.475695746,648048.742755123,574695.504266685,0.0700860875881499,0.07006723512914,2020.2294893443,2020.22950819676,224800000,hCoV-19/Belgium/ZF-0325152/2020|EPI_ISL_420409|2020-03-25|Europe
580,64,0.03310693989,636090.957788468,596530.176894756,640206.979469496,579480.099160425,0.11653417501914,0.08342723512914,2020.2428493443,2020.27595628419,224800000,hCoV-19/Belgium/rega-0411451/2020|EPI_ISL_476961|2020-04-11|Europe
580,581,0.000960000000000072,636090.957788468,596530.176894756,636147.910215493,596482.64474773,0.08438723512914,0.08342723512914,2020.2428493443,2020.2438093443,224800000,NA
581,583,0.0205299999999999,636147.910215493,596482.64474773,636146.923915831,596487.709370107,0.10491723512914,0.08438723512914,2020.2438093443,2020.2643393443,224800000,NA
581,582,0.04853,636147.910215493,596482.64474773,638852.79800758,595736.641436439,0.13291723512914,0.08438723512914,2020.2438093443,2020.2923393443,224800000,NA
582,65,1.03825135899793e-05,638852.79800758,595736.641436439,638847.508148071,595729.736588254,0.13292761764273,0.13291723512914,2020.2923393443,2020.29234972681,224800000,SARS2-CoV/Belgium/Human/rega-0417520
582,66,1.03825135899793e-05,638852.79800758,595736.641436439,675227.035585918,661540.747514526,0.13292761764273,0.13291723512914,2020.2923393443,2020.29234972681,224800000,SARS2-CoV/Belgium/Human/rega-0417521
583,67,0.00342021857899999,636146.923915831,596487.709370107,634860.631350145,598550.127373297,0.10833745370814,0.10491723512914,2020.2643393443,2020.26775956288,224800000,hCoV-19/Belgium/AA-0408412/2020|EPI_ISL_462266|2020-04-08|Europe
583,584,0.000960000000000072,636146.923915831,596487.709370107,636147.910215493,596482.64474773,0.10587723512914,0.10491723512914,2020.2643393443,2020.2652993443,224800000,NA
584,68,0.00246021857899992,636147.910215493,596482.64474773,636081.501585005,596421.98031276,0.10833745370814,0.10587723512914,2020.2652993443,2020.26775956288,224800000,hCoV-19/Belgium/PS-0408413/2020|EPI_ISL_462267|2020-04-08|Europe
584,585,0.00708999999999993,636147.910215493,596482.64474773,660053.720463011,566438.148688919,0.11296723512914,0.10587723512914,2020.2652993443,2020.2723893443,224800000,NA
585,69,0.00356693989099999,660053.720463011,566438.148688919,659993.678988003,566664.350826008,0.11653417502014,0.11296723512914,2020.2723893443,2020.27595628419,224800000,hCoV-19/Belgium/rega-0411455/2020|EPI_ISL_476965|2020-04-11|Europe
585,70,0.00356693989099999,660053.720463011,566438.148688919,647867.618260673,609982.649789011,0.11653417502014,0.11296723512914,2020.2723893443,2020.27595628419,224800000,hCoV-19/Belgium/rega-0411450/2020|EPI_ISL_476960|2020-04-11|Europe
586,587,0.02611183147,670995.759364758,647606.021504323,655741.032730473,651278.392951327,0.03826906660374,0.01215723513374,2020.1715793443,2020.19769117577,224800000,NA
586,619,0.03435482825,670995.759364758,647606.021504323,627159.241132421,619312.715185244,0.04651206338374,0.01215723513374,2020.1715793443,2020.20593417255,224800000,NA
587,593,0.000768168528800017,655741.032730473,651278.392951327,655741.160302599,651282.501210766,0.03903723513254,0.03826906660374,2020.19769117577,2020.1984593443,224800000,NA
587,588,0.000768168528800017,655741.032730473,651278.392951327,655741.160302599,651282.501210766,0.03903723513254,0.03826906660374,2020.19769117577,2020.1984593443,224800000,NA
588,589,0.0325800000000001,655741.160302599,651282.501210766,645557.14746317,739596.314447231,0.07161723513254,0.03903723513254,2020.1984593443,2020.2310393443,224800000,NA
588,71,0.03104885246,655741.160302599,651282.501210766,669288.170071413,654868.814580431,0.07008608759254,0.03903723513254,2020.1984593443,2020.22950819676,224800000,hCoV-19/Belgium/OS-0325137/2020|EPI_ISL_420394|2020-03-25|Europe
589,72,0.0121300546399999,645557.14746317,739596.314447231,639703.748089109,721399.393561605,0.08374728977254,0.07161723513254,2020.2310393443,2020.24316939894,224800000,hCoV-19/Belgium/ULG-10047/2020|EPI_ISL_421214|2020-03-30|Europe
589,590,0.00883999999999996,645557.14746317,739596.314447231,645564.89694449,739785.654314342,0.08045723513254,0.07161723513254,2020.2310393443,2020.2398793443,224800000,NA
590,591,0.00328000000000006,645564.89694449,739785.654314342,642037.406775394,755200.840929403,0.0837372351325401,0.08045723513254,2020.2398793443,2020.2431593443,224800000,NA
590,73,0.05520262295,645564.89694449,739785.654314342,645613.559587432,739875.60061078,0.13565985808254,0.08045723513254,2020.2398793443,2020.29508196725,224800000,hCoV-19/Belgium/ULG-10154/2020|EPI_ISL_447150|2020-04-18|Europe
591,592,0.000369999999999981,642037.406775394,755200.840929403,642039.161806859,755199.870182512,0.08410723513254,0.0837372351325401,2020.2431593443,2020.2435293443,224800000,NA
591,74,1.00546448599248e-05,642037.406775394,755200.840929403,654688.41446846,735799.733781555,0.0837472897774,0.0837372351325401,2020.2431593443,2020.24316939895,224800000,hCoV-19/Belgium/ULG-10038/2020|EPI_ISL_427346|2020-03-30|Europe
592,76,0.05155262295,642039.161806859,755199.870182512,644535.103896559,729947.883055654,0.13565985808254,0.08410723513254,2020.2435293443,2020.29508196725,224800000,hCoV-19/Belgium/ULG-10152/2020|EPI_ISL_447140|2020-04-18|Europe
592,75,0.00237229508199999,642039.161806859,755199.870182512,642031.875571751,755210.901208138,0.08647953021454,0.08410723513254,2020.2435293443,2020.24590163938,224800000,hCoV-19/Belgium/ULG-10033/2020|EPI_ISL_421207|2020-03-31|Europe
593,603,0.01237759303,655741.160302599,651282.501210766,655709.632186646,651281.831459645,0.0514148281625399,0.03903723513254,2020.1984593443,2020.21083693733,224800000,NA
593,594,0.00553999999999999,655741.160302599,651282.501210766,655901.273477238,651336.43356814,0.04457723513254,0.03903723513254,2020.1984593443,2020.2039993443,224800000,NA
594,595,0.00183,655901.273477238,651336.43356814,643539.655545072,724726.354846318,0.04640723513254,0.04457723513254,2020.2039993443,2020.2058293443,224800000,NA
594,77,0.0337055737700001,655901.273477238,651336.43356814,620952.450216132,608320.394586748,0.07828280890254,0.04457723513254,2020.2039993443,2020.23770491807,224800000,hCoV-19/Belgium/Rega-0328191/2020|EPI_ISL_458161|2020-03-28|Europe
595,78,0.08652038251,643539.655545072,724726.354846318,653250.383973348,629930.917334506,0.13292761764254,0.04640723513254,2020.2058293443,2020.29234972681,224800000,SARS2-CoV/Belgium/Human/rega-0417514
595,596,0.00180999999999998,643539.655545072,724726.354846318,626618.477717462,607292.965093553,0.0482172351325399,0.04640723513254,2020.2058293443,2020.2076393443,224800000,NA
596,79,1.09289617700181e-05,626618.477717462,607292.965093553,643554.437217722,724694.973852333,0.04822816409431,0.0482172351325399,2020.2076393443,2020.20765027326,224800000,hCoV-19/Belgium/ULG-7729/2020|EPI_ISL_418630|2020-03-17|Europe
596,597,0.0117200000000001,626618.477717462,607292.965093553,643553.355911398,724624.138994651,0.05993723513254,0.0482172351325399,2020.2076393443,2020.2193593443,224800000,NA
597,600,0.00822999999999996,643553.355911398,724624.138994651,620842.426180833,674037.048638908,0.06816723513254,0.05993723513254,2020.2193593443,2020.2275893443,224800000,NA
597,598,0.00193999999999994,643553.355911398,724624.138994651,645638.611099446,735934.74636303,0.06187723513254,0.05993723513254,2020.2193593443,2020.2212993443,224800000,NA
598,80,1.21311476299901e-05,645638.611099446,735934.74636303,645639.969848886,735934.328672836,0.0618893662801699,0.06187723513254,2020.2212993443,2020.22131147545,224800000,hCoV-19/Belgium/ULG-9715/2020|EPI_ISL_418656|2020-03-22|Europe
598,599,0.03825,645638.611099446,735934.74636303,639374.068246461,732788.309345696,0.10012723513254,0.06187723513254,2020.2212993443,2020.2595493443,224800000,NA
599,82,0.00274573770499997,639374.068246461,732788.309345696,647589.934073726,738177.533100263,0.10287297283754,0.10012723513254,2020.2595493443,2020.26229508201,224800000,hCoV-19/Belgium/ULG-10099/2020|EPI_ISL_427350|2020-04-06|Europe
599,81,1.34972676200107e-05,639374.068246461,732788.309345696,639373.197141766,732787.79729451,0.10014073240016,0.10012723513254,2020.2595493443,2020.25956284157,224800000,hCoV-19/Belgium/ULG-10062/2020|EPI_ISL_424664|2020-04-05|Europe
600,601,0.00190000000000001,620842.426180833,674037.048638908,614539.077655027,602362.717976467,0.07006723513254,0.06816723513254,2020.2275893443,2020.2294893443,224800000,NA
600,602,0.00192000000000003,620842.426180833,674037.048638908,620711.632266437,674226.663343127,0.07008723513254,0.06816723513254,2020.2275893443,2020.2295093443,224800000,NA
601,83,0.02187677596,614539.077655027,602362.717976467,627331.126731692,658647.866642307,0.09194401109254,0.07006723513254,2020.2294893443,2020.25136612026,224800000,hCoV-19/Belgium/MG-0402383/2020|EPI_ISL_462237|2020-04-02|Europe
601,84,1.88524590100103e-05,614539.077655027,602362.717976467,620766.486971477,674016.298665996,0.07008608759155,0.07006723513254,2020.2294893443,2020.22950819676,224800000,hCoV-19/Belgium/SC-0325380/2020|EPI_ISL_462234|2020-03-25|Europe
602,86,0.06557262295,620711.632266437,674226.663343127,631940.94445248,758984.75332416,0.13565985808254,0.07008723513254,2020.2295093443,2020.29508196725,224800000,hCoV-19/Belgium/ULG-10162/2020|EPI_ISL_447156|2020-04-18|Europe
602,85,0.06284038251,620711.632266437,674226.663343127,629914.060673368,626147.352861871,0.13292761764254,0.07008723513254,2020.2295093443,2020.29234972681,224800000,SARS2-CoV/Belgium/Human/rega-0417508
603,604,0.000670715476900008,655709.632186646,651281.831459645,655713.801843568,651280.461511022,0.05208554363944,0.0514148281625399,2020.21083693733,2020.21150765281,224800000,NA
603,610,0.00072727163480002,655709.632186646,651281.831459645,669600.269867276,650553.888579241,0.05214209979734,0.0514148281625399,2020.21083693733,2020.21156420897,224800000,NA
604,605,0.0105816915,655713.801843568,651280.461511022,655704.886759622,651181.881701031,0.0626672351394399,0.05208554363944,2020.21150765281,2020.22208934431,224800000,NA
604,609,0.000611691497300004,655713.801843568,651280.461511022,655709.481687003,651276.585341086,0.05269723513674,0.05208554363944,2020.21150765281,2020.2121193443,224800000,NA
605,606,0.00194000000000005,655704.886759622,651181.881701031,655777.125877743,651181.250060566,0.06460723513944,0.0626672351394399,2020.22208934431,2020.22402934431,224800000,NA
605,607,0.00909000000000004,655704.886759622,651181.881701031,644389.20027937,631809.966889423,0.07175723513944,0.0626672351394399,2020.22208934431,2020.23117934431,224800000,NA
606,88,0.00274661202199999,655777.125877743,651181.250060566,639488.409269232,601486.592118517,0.06735384716144,0.06460723513944,2020.22402934431,2020.22677595633,224800000,hCoV-19/Belgium/CK-0324150/2020|EPI_ISL_420407|2020-03-24|Europe
606,87,1.43715847500392e-05,655777.125877743,651181.250060566,655792.425600816,651149.243637695,0.06462160672419,0.06460723513944,2020.22402934431,2020.22404371589,224800000,hCoV-19/Belgium/NA-0323141/2020|EPI_ISL_420398|2020-03-23|Europe
607,608,0.00875999999999999,644389.20027937,631809.966889423,643918.652852666,632300.222334176,0.08051723513944,0.07175723513944,2020.23117934431,2020.23993934431,224800000,NA
607,89,0.0338479781400001,644389.20027937,631809.966889423,652565.737091897,633307.969960517,0.10560521327944,0.07175723513944,2020.23117934431,2020.26502732245,224800000,hCoV-19/Belgium/rega-0407282/2020|EPI_ISL_464076|2020-04-07|Europe
608,91,0.03601693989,643918.652852666,632300.222334176,643944.84488343,632300.065290362,0.11653417502944,0.08051723513944,2020.23993934431,2020.2759562842,224800000,hCoV-19/Belgium/rega-0411464/2020|EPI_ISL_476974|2020-04-11|Europe
608,90,0.03055245902,643918.652852666,632300.222334176,614711.07809861,717247.061643095,0.11106969415944,0.08051723513944,2020.23993934431,2020.27049180333,224800000,SARS2-CoV/Belgium/Human/rega-0409569
609,93,0.02558557377,655709.481687003,651276.585341086,674124.972309137,648117.99591074,0.07828280890674,0.05269723513674,2020.2121193443,2020.23770491807,224800000,hCoV-19/Belgium/Rega-0328205/2020|EPI_ISL_458175|2020-03-28|Europe
609,92,0.0228533333300001,655709.481687003,651276.585341086,645760.473422145,626849.953539186,0.07555056846674,0.05269723513674,2020.2121193443,2020.23497267763,224800000,hCoV-19/Belgium/Rega-0327212/2020|EPI_ISL_458182|2020-03-27|Europe
610,611,0.000555135339500024,669600.269867276,650553.888579241,669696.30947864,650544.760685046,0.05269723513684,0.05214209979734,2020.21156420897,2020.2121193443,224800000,NA
610,615,0.000555135339500024,669600.269867276,650553.888579241,669696.30947864,650544.760685046,0.05269723513684,0.05214209979734,2020.21156420897,2020.2121193443,224800000,NA
611,612,0.05289,669696.30947864,650544.760685046,660199.002743445,753809.045888464,0.10558723513684,0.05269723513684,2020.2121193443,2020.2650093443,224800000,NA
611,613,0.0107200000000001,669696.30947864,650544.760685046,620564.175102705,658652.230603079,0.0634172351368401,0.05269723513684,2020.2121193443,2020.2228393443,224800000,NA
612,94,1.7978142100028e-05,660199.002743445,753809.045888464,660197.933990343,753810.00696641,0.10560521327894,0.10558723513684,2020.2650093443,2020.26502732245,224800000,hCoV-19/Belgium/ULG-10143/2020|EPI_ISL_427387|2020-04-07|Europe
612,95,1.7978142100028e-05,660199.002743445,753809.045888464,646447.376739118,762486.438796757,0.10560521327894,0.10558723513684,2020.2650093443,2020.26502732245,224800000,hCoV-19/Belgium/ULG-10122/2020|EPI_ISL_427370|2020-04-07|Europe
613,96,0.00666885245899995,620564.175102705,658652.230603079,620559.520838851,658631.121622694,0.07008608759584,0.0634172351368401,2020.2228393443,2020.22950819676,224800000,hCoV-19/Belgium/DCS-0325158/2020|EPI_ISL_420415|2020-03-25|Europe
613,614,0.00391999999999992,620564.175102705,658652.230603079,625350.077984042,655641.869219977,0.06733723513684,0.0634172351368401,2020.2228393443,2020.2267593443,224800000,NA
614,97,1.66120218800803e-05,625350.077984042,655641.869219977,625349.182439817,655642.39768238,0.0673538471587201,0.06733723513684,2020.2267593443,2020.22677595633,224800000,hCoV-19/Belgium/GLA-0324179/2020|EPI_ISL_420436|2020-03-24|Europe
614,98,1.66120218800803e-05,625350.077984042,655641.869219977,640255.60765842,612064.429735706,0.0673538471587201,0.06733723513684,2020.2267593443,2020.22677595633,224800000,hCoV-19/Belgium/NKMA-0324172/2020|EPI_ISL_420429|2020-03-24|Europe
615,618,0.00612999999999997,669696.30947864,650544.760685046,669471.65001606,650671.618026812,0.05882723513684,0.05269723513684,2020.2121193443,2020.2182493443,224800000,NA
615,616,0.01737,669696.30947864,650544.760685046,639845.858232578,654628.584967521,0.07006723513684,0.05269723513684,2020.2121193443,2020.2294893443,224800000,NA
616,617,0.0765,639845.858232578,654628.584967521,633233.953111336,596395.097984398,0.14656723513684,0.07006723513684,2020.2294893443,2020.3059893443,224800000,NA
616,99,1.88524590100103e-05,639845.858232578,654628.584967521,639847.759280894,654628.417759146,0.07008608759585,0.07006723513684,2020.2294893443,2020.22950819676,224800000,hCoV-19/Belgium/EC-0325128/2020|EPI_ISL_420385|2020-03-25|Europe
617,100,0.04100519126,633233.953111336,596395.097984398,638819.510820263,595499.839128228,0.18757242639684,0.14656723513684,2020.3059893443,2020.34699453556,224800000,SARS2-CoV/Belgium/Human/rega-0507537
617,101,2.15846994500168e-05,633233.953111336,596395.097984398,632928.03539358,596346.680599125,0.14658881983629,0.14656723513684,2020.3059893443,2020.306010929,224800000,SARS2-CoV/Belgium/Human/rega-0422587
618,102,0.09049382514,669471.65001606,650671.618026812,676836.68446613,656614.786629166,0.14932106027684,0.05882723513684,2020.2182493443,2020.30874316944,224800000,SARS2-CoV/Belgium/Human/rega-0423595
618,103,0.0577069398900001,669471.65001606,650671.618026812,669470.580490853,650498.208137852,0.11653417502684,0.05882723513684,2020.2182493443,2020.27595628419,224800000,hCoV-19/Belgium/rega-0411465/2020|EPI_ISL_476975|2020-04-11|Europe
619,620,0.000350525558899917,627159.241132421,619312.715185244,627097.917744746,619313.178470353,0.0468625889426399,0.04651206338374,2020.20593417255,2020.20628469811,224800000,NA
619,623,0.00115655679100002,627159.241132421,619312.715185244,627159.962888608,619316.728786196,0.0476686201747401,0.04651206338374,2020.20593417255,2020.20709072934,224800000,NA
620,622,0.000884646189300065,627097.917744746,619313.178470353,627091.429357652,619311.027706409,0.04774723513194,0.0468625889426399,2020.20628469811,2020.2071693443,224800000,NA
620,621,0.000884646189300065,627097.917744746,619313.178470353,627091.429357652,619311.027706409,0.04774723513194,0.0468625889426399,2020.20628469811,2020.2071693443,224800000,NA
621,105,0.03053557377,627091.429357652,619311.027706409,621064.486512271,614031.32030474,0.0782828089019401,0.04774723513194,2020.2071693443,2020.23770491807,224800000,hCoV-19/Belgium/Rega-0328202/2020|EPI_ISL_458172|2020-03-28|Europe
621,104,0.01960661202,627091.429357652,619311.027706409,664656.087155633,656870.926633311,0.06735384715194,0.04774723513194,2020.2071693443,2020.22677595632,224800000,hCoV-19/Belgium/UNJP-0324125/2020|EPI_ISL_420382|2020-03-24|Europe
622,107,0.03326781421,627091.429357652,619311.027706409,632697.925530213,613851.264100987,0.08101504934194,0.04774723513194,2020.2071693443,2020.24043715851,224800000,hCoV-19/Belgium/Rega-0329227/2020|EPI_ISL_458197|2020-03-29|Europe
622,106,0.03326781421,627091.429357652,619311.027706409,617704.452430149,625018.356747782,0.08101504934194,0.04774723513194,2020.2071693443,2020.24043715851,224800000,hCoV-19/Belgium/Rega-0329220/2020|EPI_ISL_458190|2020-03-29|Europe
623,625,7.86149575099371e-05,627159.962888608,619316.728786196,627160.607385579,619317.431725569,0.04774723513225,0.0476686201747401,2020.20709072934,2020.2071693443,224800000,NA
623,624,7.86149575099371e-05,627159.962888608,619316.728786196,627160.607385579,619317.431725569,0.04774723513225,0.0476686201747401,2020.20709072934,2020.2071693443,224800000,NA
624,108,0.03600005464,627160.607385579,619317.431725569,660372.602576126,649062.610844084,0.08374728977225,0.04774723513225,2020.2071693443,2020.24316939894,224800000,hCoV-19/Belgium/Rega-0330253/2020|EPI_ISL_458223|2020-03-30|Europe
624,109,0.03053557377,627160.607385579,619317.431725569,627282.966838303,623014.067542656,0.07828280890225,0.04774723513225,2020.2071693443,2020.23770491807,224800000,hCoV-19/Belgium/Rega-0328199/2020|EPI_ISL_458169|2020-03-28|Europe
625,626,0.00738000000000005,627160.607385579,619317.431725569,627212.422009051,619405.408826226,0.05512723513225,0.04774723513225,2020.2071693443,2020.2145493443,224800000,NA
625,633,0.01298,627160.607385579,619317.431725569,627184.528867719,619349.446465376,0.06072723513225,0.04774723513225,2020.2071693443,2020.2201493443,224800000,NA
626,110,0.02588781421,627212.422009051,619405.408826226,637853.323877498,599632.464283363,0.08101504934225,0.05512723513225,2020.2145493443,2020.24043715851,224800000,hCoV-19/Belgium/Rega-0329235/2020|EPI_ISL_458205|2020-03-29|Europe
626,627,0.00545335754199994,627212.422009051,619405.408826226,627033.079445356,619424.553521698,0.06058059267425,0.05512723513225,2020.2145493443,2020.22000270184,224800000,NA
627,629,0.000936642457699977,627033.079445356,619424.553521698,627007.481821108,619444.186206251,0.06151723513195,0.06058059267425,2020.22000270184,2020.2209393443,224800000,NA
627,628,0.000936642457699977,627033.079445356,619424.553521698,627007.481821108,619444.186206251,0.06151723513195,0.06058059267425,2020.22000270184,2020.2209393443,224800000,NA
628,112,0.0194978142100001,627007.481821108,619444.186206251,618509.383049891,614767.49215859,0.08101504934195,0.06151723513195,2020.2209393443,2020.24043715851,224800000,hCoV-19/Belgium/Rega-0329226/2020|EPI_ISL_458196|2020-03-29|Europe
628,111,0.0167655737700001,627007.481821108,619444.186206251,627573.538809747,617230.912964919,0.0782828089019501,0.06151723513195,2020.2209393443,2020.23770491807,224800000,hCoV-19/Belgium/Rega-0328193/2020|EPI_ISL_458163|2020-03-28|Europe
629,630,0.00202000000000002,627007.481821108,619444.186206251,627078.40782046,619359.866289566,0.06353723513195,0.06151723513195,2020.2209393443,2020.2229593443,224800000,NA
629,113,0.0222300546400001,627007.481821108,619444.186206251,636835.652856282,594299.713584904,0.08374728977195,0.06151723513195,2020.2209393443,2020.24316939894,224800000,hCoV-19/Belgium/Rega-0330248/2020|EPI_ISL_458218|2020-03-30|Europe
630,114,0.0420679781400001,627078.40782046,619359.866289566,633351.284417355,621468.076613639,0.10560521327195,0.06353723513195,2020.2229593443,2020.26502732244,224800000,hCoV-19/Belgium/rega-0407283/2020|EPI_ISL_464077|2020-04-07|Europe
630,631,0.00194000000000005,627078.40782046,619359.866289566,655777.125877743,651181.250060566,0.06547723513195,0.06353723513195,2020.2229593443,2020.2248993443,224800000,NA
631,115,0.0128055737699999,655777.125877743,651181.250060566,629656.290638447,637477.827814612,0.0782828089019499,0.06547723513195,2020.2248993443,2020.23770491807,224800000,hCoV-19/Belgium/Rega-0328192/2020|EPI_ISL_458162|2020-03-28|Europe
631,632,0.00186999999999993,655777.125877743,651181.250060566,627498.934133212,620869.584167424,0.06734723513195,0.06547723513195,2020.2248993443,2020.2267693443,224800000,NA
632,117,0.01093557377,627498.934133212,620869.584167424,632922.702266147,612263.296391795,0.0782828089019499,0.06734723513195,2020.2267693443,2020.23770491807,224800000,hCoV-19/Belgium/Rega-0328197/2020|EPI_ISL_458167|2020-03-28|Europe
632,116,6.61202187901555e-06,627498.934133212,620869.584167424,627499.406883401,620870.313053909,0.067353847153829,0.06734723513195,2020.2267693443,2020.22677595632,224800000,hCoV-19/Belgium/CCM-0324167/2020|EPI_ISL_420424|2020-03-24|Europe
633,640,0.00472000000000006,627184.528867719,619349.446465376,627187.560004721,619310.118936544,0.06544723513225,0.06072723513225,2020.2201493443,2020.2248693443,224800000,NA
633,634,0.00195000000000001,627184.528867719,619349.446465376,621616.874930933,612536.209918563,0.06267723513225,0.06072723513225,2020.2201493443,2020.2220993443,224800000,NA
634,635,0.00194000000000005,621616.874930933,612536.209918563,655777.125877743,651181.250060566,0.06461723513225,0.06267723513225,2020.2220993443,2020.2240393443,224800000,NA
634,636,0.00934999999999997,621616.874930933,612536.209918563,621931.524196015,613531.491715993,0.07202723513225,0.06267723513225,2020.2220993443,2020.2314493443,224800000,NA
635,118,4.37158475297128e-06,655777.125877743,651181.250060566,621568.33262441,612576.979852063,0.064621606717003,0.06461723513225,2020.2240393443,2020.22404371588,224800000,hCoV-19/Belgium/GM-0323139/2020|EPI_ISL_420396|2020-03-23|Europe
635,119,0.00273661202199993,655777.125877743,651181.250060566,623007.094812354,613748.583155069,0.06735384715425,0.06461723513225,2020.2240393443,2020.22677595632,224800000,hCoV-19/Belgium/BEG-0324149/2020|EPI_ISL_420406|2020-03-24|Europe
636,639,2.000000000002e-05,621931.524196015,613531.491715993,621927.162060193,613522.730799111,0.07204723513225,0.07202723513225,2020.2314493443,2020.2314693443,224800000,NA
636,637,0.00851000000000002,621931.524196015,613531.491715993,621994.090153831,613562.394475404,0.08053723513225,0.07202723513225,2020.2314493443,2020.2399593443,224800000,NA
637,120,0.03053245902,621994.090153831,613562.394475404,670721.903565004,658069.488477554,0.11106969415225,0.08053723513225,2020.2399593443,2020.27049180332,224800000,hCoV-19/Belgium/DJ-0409407/2020|EPI_ISL_462261|2020-04-09|Europe
637,638,0.0408200000000001,621994.090153831,613562.394475404,623442.582317103,617478.556850705,0.12135723513225,0.08053723513225,2020.2399593443,2020.2807793443,224800000,NA
638,122,0.00337366120199989,623442.582317103,617478.556850705,624388.84604339,621257.303481925,0.12473089633425,0.12135723513225,2020.2807793443,2020.2841530055,224800000,SARS2-CoV/Belgium/Human/rega-0414580
638,121,0.0170348633899999,623442.582317103,617478.556850705,624444.247033575,617209.541086449,0.13839209852225,0.12135723513225,2020.2807793443,2020.29781420769,224800000,SARS2-CoV/Belgium/Human/rega-0419534
639,124,0.00623557377000006,621927.162060193,613522.730799111,621901.358125186,613585.673031973,0.07828280890225,0.07204723513225,2020.2314693443,2020.23770491807,224800000,hCoV-19/Belgium/Rega-0328190/2020|EPI_ISL_458160|2020-03-28|Europe
639,123,0.03629021858,621927.162060193,613522.730799111,616800.770828654,614327.692742249,0.10833745371225,0.07204723513225,2020.2314693443,2020.26775956288,224800000,hCoV-19/Belgium/HC-0408293/2020|EPI_ISL_464087|2020-04-08|Europe
640,641,0.0018999999999999,627187.560004721,619310.118936544,627186.459857817,619316.51966478,0.0673472351322499,0.06544723513225,2020.2248693443,2020.2267693443,224800000,NA
640,642,0.00413999999999992,627187.560004721,619310.118936544,627228.06311126,619319.444849193,0.06958723513225,0.06544723513225,2020.2248693443,2020.2290093443,224800000,NA
641,125,6.61202187901555e-06,627186.459857817,619316.51966478,627186.157016983,619316.590346355,0.067353847154129,0.0673472351322499,2020.2267693443,2020.22677595632,224800000,hCoV-19/Belgium/GMJ-0324132/2020|EPI_ISL_420389|2020-03-24|Europe
641,126,0.00273885245900007,627186.459857817,619316.51966478,626037.907440068,616155.701757653,0.07008608759125,0.0673472351322499,2020.2267693443,2020.22950819676,224800000,hCoV-19/Belgium/DPG-0325123/2020|EPI_ISL_420380|2020-03-25|Europe
642,644,0.01262737956,627228.06311126,619319.444849193,633887.13405283,592351.537777183,0.08221461469225,0.06958723513225,2020.2290093443,2020.24163672386,224800000,NA
642,643,0.01096126042,627228.06311126,619319.444849193,631771.085129119,627281.441555576,0.08054849555225,0.06958723513225,2020.2290093443,2020.23997060472,224800000,NA
643,127,0.000466553788500024,631771.085129119,627281.441555576,635225.463659503,606299.134385672,0.08101504934075,0.08054849555225,2020.23997060472,2020.24043715851,224800000,hCoV-19/Belgium/Rega-0329229/2020|EPI_ISL_458199|2020-03-29|Europe
643,128,0.000466553788500024,631771.085129119,627281.441555576,631817.134861771,627301.007218296,0.08101504934075,0.08054849555225,2020.23997060472,2020.24043715851,224800000,hCoV-19/Belgium/Rega-0329222/2020|EPI_ISL_458192|2020-03-29|Europe
644,645,0.03659079155,633887.13405283,592351.537777183,633834.969025256,592385.733387995,0.11880540624225,0.08221461469225,2020.24163672386,2020.27822751541,224800000,NA
644,660,0.000442620442499986,633887.13405283,592351.537777183,633908.871366936,592370.580642512,0.08265723513475,0.08221461469225,2020.24163672386,2020.2420793443,224800000,NA
645,647,0.000101828888700028,633834.969025256,592385.733387995,633818.346050197,592388.042237626,0.11890723513095,0.11880540624225,2020.27822751541,2020.2783293443,224800000,NA
645,646,0.000101828888700028,633834.969025256,592385.733387995,633818.346050197,592388.042237626,0.11890723513095,0.11880540624225,2020.27822751541,2020.2783293443,224800000,NA
646,129,0.04407502732,633818.346050197,592388.042237626,633836.323326125,592377.940220974,0.16298226245095,0.11890723513095,2020.2783293443,2020.32240437162,224800000,hCoV-19/Belgium/rega-0428427/2020|EPI_ISL_476994|2020-04-28|Europe
646,130,0.0550039890699999,633818.346050197,592388.042237626,634138.48131021,602228.841367775,0.17391122420095,0.11890723513095,2020.2783293443,2020.33333333337,224800000,SARS2-CoV/Belgium/Human/rega-0502638
647,652,0.03686,633818.346050197,592388.042237626,633869.352737241,592435.645098664,0.15576723513095,0.11890723513095,2020.2783293443,2020.3151893443,224800000,NA
647,648,0.0386099999999999,633818.346050197,592388.042237626,648038.562563283,572180.508545816,0.15751723513095,0.11890723513095,2020.2783293443,2020.3169393443,224800000,NA
648,131,5.46447951998985e-07,648038.562563283,572180.508545816,648040.183193753,572182.165573966,0.157517781578902,0.15751723513095,2020.3169393443,2020.31693989075,224800000,SARS2-CoV/Belgium/Human/rega-0426603
648,649,0.00273000000000012,648038.562563283,572180.508545816,650121.258857661,573446.669051531,0.16024723513095,0.15751723513095,2020.3169393443,2020.3196693443,224800000,NA
649,132,2.78688530497284e-06,650121.258857661,573446.669051531,650121.070113698,573447.011798954,0.160250022016255,0.16024723513095,2020.3196693443,2020.31967213118,224800000,SARS2-CoV/Belgium/Human/rega-0427616
649,650,0.00545999999999991,650121.258857661,573446.669051531,645516.797314807,578534.768458109,0.16570723513095,0.16024723513095,2020.3196693443,2020.3251293443,224800000,NA
650,133,7.26775955806058e-06,645516.797314807,578534.768458109,659566.010394633,571265.632494576,0.165714502890508,0.16570723513095,2020.3251293443,2020.32513661206,224800000,hCoV-19/Belgium/rega-0429426/2020|EPI_ISL_476995|2020-04-29|Europe
650,651,0.0082000000000001,645516.797314807,578534.768458109,645525.689696599,578515.962409244,0.17390723513095,0.16570723513095,2020.3251293443,2020.3333293443,224800000,NA
651,134,3.98907093590584e-06,645525.689696599,578515.962409244,645461.26067052,578505.445903949,0.173911224201886,0.17390723513095,2020.3333293443,2020.33333333337,224800000,SARS2-CoV/Belgium/Human/rega-0502637
651,135,0.0191296721299999,645525.689696599,578515.962409244,643654.337512079,586530.520519593,0.19303690726095,0.17390723513095,2020.3333293443,2020.35245901643,224800000,SARS2-CoV/Belgium/Human/rega-0509652
652,656,0.00968820201800003,633869.352737241,592435.645098664,633854.771365113,592465.718559362,0.16545543714895,0.15576723513095,2020.3151893443,2020.32487754632,224800000,NA
652,653,0.00239999999999996,633869.352737241,592435.645098664,634329.082487624,592570.431046447,0.15816723513095,0.15576723513095,2020.3151893443,2020.3175893443,224800000,NA
653,654,0.00208000000000008,634329.082487624,592570.431046447,642622.944591475,578510.852150556,0.16024723513095,0.15816723513095,2020.3175893443,2020.3196693443,224800000,NA
653,655,0.00208000000000008,634329.082487624,592570.431046447,642622.944591475,578510.852150556,0.16024723513095,0.15816723513095,2020.3175893443,2020.3196693443,224800000,NA
654,137,2.78688530497284e-06,642622.944591475,578510.852150556,643902.795914177,581911.546032438,0.160250022016255,0.16024723513095,2020.3196693443,2020.31967213118,224800000,SARS2-CoV/Belgium/Human/rega-0427608
654,136,2.78688530497284e-06,642622.944591475,578510.852150556,642705.811086525,578509.461160545,0.160250022016255,0.16024723513095,2020.3196693443,2020.31967213118,224800000,SARS2-CoV/Belgium/Human/rega-0427614
655,138,2.78688530497284e-06,642622.944591475,578510.852150556,648659.4234527,589690.705428971,0.160250022016255,0.16024723513095,2020.3196693443,2020.31967213118,224800000,SARS2-CoV/Belgium/Human/rega-0427615
655,139,2.78688530497284e-06,642622.944591475,578510.852150556,634342.876596858,592616.684536403,0.160250022016255,0.16024723513095,2020.3196693443,2020.31967213118,224800000,SARS2-CoV/Belgium/Human/rega-0427613
656,657,0.0057217979819999,633854.771365113,592465.718559362,636647.933005983,585262.82725298,0.17117723513095,0.16545543714895,2020.32487754632,2020.3305993443,224800000,NA
656,140,0.000259065741599951,633854.771365113,592465.718559362,633851.011866819,592474.901930406,0.16571450289055,0.16545543714895,2020.32487754632,2020.32513661206,224800000,SARS2-CoV/Belgium/Human/rega-0429626
657,658,0.00546000000000002,636647.933005983,585262.82725298,635022.863590516,592299.931378954,0.17663723513095,0.17117723513095,2020.3305993443,2020.3360593443,224800000,NA
657,141,1.74863381008361e-06,636647.933005983,585262.82725298,636648.144078125,585262.906165025,0.17117898376476,0.17117723513095,2020.3305993443,2020.33060109293,224800000,SARS2-CoV/Belgium/Human/rega-0501635
658,659,0.01366,635022.863590516,592299.931378954,666697.125105566,645962.035013943,0.19029723513095,0.17663723513095,2020.3360593443,2020.3497193443,224800000,NA
658,142,6.22950806206113e-06,635022.863590516,592299.931378954,635023.200168943,592301.420905175,0.176643464639012,0.17663723513095,2020.3360593443,2020.33606557381,224800000,SARS2-CoV/Belgium/Human/rega-0503641
659,144,0.00273967213100001,666697.125105566,645962.035013943,625522.009214344,612215.753981936,0.19303690726195,0.19029723513095,2020.3497193443,2020.35245901643,224800000,SARS2-CoV/Belgium/Human/rega-0509648
659,143,7.43169392103393e-06,666697.125105566,645962.035013943,666694.417293522,645961.68844786,0.190304666824871,0.19029723513095,2020.3497193443,2020.34972677599,224800000,SARS2-CoV/Belgium/Human/rega-0508541
660,145,0.0420736612,633908.871366936,592370.580642512,615923.484224699,602517.330386848,0.12473089633475,0.08265723513475,2020.2420793443,2020.2841530055,224800000,SARS2-CoV/Belgium/Human/rega-0414493
660,661,0.02021,633908.871366936,592370.580642512,639517.11882934,579850.836901588,0.10286723513475,0.08265723513475,2020.2420793443,2020.2622893443,224800000,NA
661,146,5.73770497402926e-06,639517.11882934,579850.836901588,639518.705014733,579853.47698352,0.102872972839724,0.10286723513475,2020.2622893443,2020.26229508201,224800000,hCoV-19/Belgium/LC-0406278/2020|EPI_ISL_464072|2020-04-06|Europe
661,662,0.00274903663300008,639517.11882934,579850.836901588,639740.226393815,580115.622917726,0.10561627176775,0.10286723513475,2020.2622893443,2020.26503838094,224800000,NA
662,147,0.05190150981,639740.226393815,580115.622917726,656093.963876283,574003.646883256,0.15751778157775,0.10561627176775,2020.26503838094,2020.31693989075,224800000,SARS2-CoV/Belgium/Human/rega-0426605
662,663,0.000470963366900001,639740.226393815,580115.622917726,639882.030152673,579952.594809314,0.10608723513465,0.10561627176775,2020.26503838094,2020.2655093443,224800000,NA
663,148,0.00225021857899999,639882.030152673,579952.594809314,635164.488215679,581761.858386013,0.10833745371365,0.10608723513465,2020.2655093443,2020.26775956288,224800000,hCoV-19/Belgium/RD-0408292/2020|EPI_ISL_464086|2020-04-08|Europe
663,664,0.00220999999999993,639882.030152673,579952.594809314,639865.405311435,579973.767731286,0.10829723513465,0.10608723513465,2020.2655093443,2020.2677193443,224800000,NA
664,150,0.00823693989100005,639865.405311435,579973.767731286,646170.368010477,577926.837257723,0.11653417502565,0.10829723513465,2020.2677193443,2020.27595628419,224800000,hCoV-19/Belgium/rega-0411446/2020|EPI_ISL_476956|2020-04-11|Europe
664,149,0.00277245901599998,639865.405311435,579973.767731286,639866.520050994,579968.883970794,0.11106969415065,0.10829723513465,2020.2677193443,2020.27049180332,224800000,hCoV-19/Belgium/BJA-0409406/2020|EPI_ISL_462260|2020-04-09|Europe
665,1027,0.00109334477699996,670853.473946014,647632.14439385,670856.227634045,647608.709432817,0.0121022483272,0.0110089035502,2020.17043101272,2020.1715243575,224800000,NA
665,666,0.000320883355199975,670853.473946014,647632.14439385,670855.852957115,647633.157162828,0.0113297869054,0.0110089035502,2020.17043101272,2020.17075189607,224800000,NA
666,512,0.0560240602500001,670855.852957115,647633.157162828,626595.910331718,618004.719432,0.0673538471554,0.0113297869054,2020.17075189607,2020.22677595632,224800000,hCoV-19/Belgium/QL-0324173/2020|EPI_ISL_420430|2020-03-24|Europe
666,667,0.00492744822800006,670855.852957115,647633.157162828,673939.386897596,646066.072703491,0.0162572351334,0.0113297869054,2020.17075189607,2020.1756793443,224800000,NA
667,668,0.00637999999999994,673939.386897596,646066.072703491,663873.312624884,656082.999355012,0.0226372351334,0.0162572351334,2020.1756793443,2020.1820593443,224800000,NA
667,151,0.00191628415299994,673939.386897596,646066.072703491,673914.743299177,646047.611244964,0.0181735192864,0.0162572351334,2020.1756793443,2020.17759562845,224800000,hCoV-19/Belgium/NKR-030645/2020|EPI_ISL_418795|2020-03-06|Europe
668,669,0.00184000000000006,663873.312624884,656082.999355012,664087.918821619,655925.875448576,0.0244772351334001,0.0226372351334,2020.1820593443,2020.1838993443,224800000,NA
668,705,0.01335,663873.312624884,656082.999355012,663850.297946375,656052.033870395,0.0359872351334,0.0226372351334,2020.1820593443,2020.1954093443,224800000,NA
669,670,0.00735999999999992,664087.918821619,655925.875448576,663219.391297126,655768.593934971,0.0318372351334,0.0244772351334001,2020.1838993443,2020.1912593443,224800000,NA
669,671,0.00187999999999999,664087.918821619,655925.875448576,664111.929030246,656006.783270757,0.0263572351334,0.0244772351334001,2020.1838993443,2020.1857793443,224800000,NA
670,152,0.03278437158,663219.391297126,655768.593934971,666690.157706024,649198.939030334,0.0646216067134,0.0318372351334,2020.1912593443,2020.22404371588,224800000,hCoV-19/Belgium/DB-0323140/2020|EPI_ISL_420397|2020-03-23|Europe
670,153,0.03278437158,663219.391297126,655768.593934971,663668.887140045,655746.789947197,0.0646216067134,0.0318372351334,2020.1912593443,2020.22404371588,224800000,hCoV-19/Belgium/MC-0323129/2020|EPI_ISL_420386|2020-03-23|Europe
671,672,0.02609391342,664111.929030246,656006.783270757,663982.959653471,656149.625644204,0.0524511485534001,0.0263572351334,2020.1857793443,2020.21187325772,224800000,NA
671,154,1.30054645299804e-05,664111.929030246,656006.783270757,664112.225880843,656007.820557055,0.02637024059793,0.0263572351334,2020.1857793443,2020.18579234977,224800000,hCoV-19/Belgium/RDC-030961/2020|EPI_ISL_420452|2020-03-09|Europe
672,676,0.00284372287599999,663982.959653471,656149.625644204,663871.33633634,656037.656578317,0.0552948714294,0.0524511485534001,2020.21187325772,2020.2147169806,224800000,NA
672,673,0.000834083409699926,663982.959653471,656149.625644204,663879.520753469,656146.919341795,0.0532852319631,0.0524511485534001,2020.21187325772,2020.21270734113,224800000,NA
673,675,0.000712003167400055,663879.520753469,656146.919341795,663643.688084141,656634.246881427,0.0539972351305,0.0532852319631,2020.21270734113,2020.2134193443,224800000,NA
673,674,0.04957200317,663879.520753469,656146.919341795,662338.261246243,651281.309831664,0.1028572351331,0.0532852319631,2020.21270734113,2020.2622793443,224800000,NA
674,156,0.0218736612,662338.261246243,651281.309831664,667709.450087273,647691.43445061,0.1247308963331,0.1028572351331,2020.2622793443,2020.2841530055,224800000,SARS2-CoV/Belgium/Human/rega-0414491
674,155,1.57377049699869e-05,662338.261246243,651281.309831664,662339.124318038,651280.699301308,0.10287297283807,0.1028572351331,2020.2622793443,2020.26229508201,224800000,hCoV-19/Belgium/MA-0406273/2020|EPI_ISL_464067|2020-04-06|Europe
675,158,0.01608885246,663643.688084141,656634.246881427,646719.871917467,584456.994174764,0.0700860875905001,0.0539972351305,2020.2134193443,2020.22950819676,224800000,hCoV-19/Belgium/BS-0325183/2020|EPI_ISL_420440|2020-03-25|Europe
675,157,0.05160797814,663643.688084141,656634.246881427,669346.734856224,647378.241440112,0.1056052132705,0.0539972351305,2020.2134193443,2020.26502732244,224800000,hCoV-19/Belgium/EM-0407403/2020|EPI_ISL_462257|2020-04-07|Europe
676,678,0.00450236370099999,663871.33633634,656037.656578317,663869.283704601,656070.698743238,0.0597972351304,0.0552948714294,2020.2147169806,2020.2192193443,224800000,NA
676,677,0.000592363700899989,663871.33633634,656037.656578317,664092.825226173,656254.388976519,0.0558872351303,0.0552948714294,2020.2147169806,2020.2153093443,224800000,NA
677,160,0.02239557377,664092.825226173,656254.388976519,627412.119286331,629467.765293365,0.0782828089003,0.0558872351303,2020.2153093443,2020.23770491807,224800000,hCoV-19/Belgium/LJ-0328310/2020|EPI_ISL_462164|2020-03-28|Europe
677,159,0.02239557377,664092.825226173,656254.388976519,633151.249917628,642912.146953946,0.0782828089003,0.0558872351303,2020.2153093443,2020.23770491807,224800000,hCoV-19/Belgium/Rega-0328194/2020|EPI_ISL_458164|2020-03-28|Europe
678,679,0.00207999999999997,663869.283704601,656070.698743238,651793.858766036,728645.586406684,0.0618772351304,0.0597972351304,2020.2192193443,2020.2212993443,224800000,NA
678,680,0.0175799999999999,663869.283704601,656070.698743238,641165.448856303,702812.435638077,0.0773772351304,0.0597972351304,2020.2192193443,2020.2367993443,224800000,NA
679,162,1.21311476299901e-05,651793.858766036,728645.586406684,651796.754691319,728644.674675499,0.06188936627803,0.0618772351304,2020.2212993443,2020.22131147545,224800000,hCoV-19/Belgium/ULG-9619/2020|EPI_ISL_418649|2020-03-22|Europe
679,161,1.21311476299901e-05,651793.858766036,728645.586406684,651342.938565013,733770.132225117,0.06188936627803,0.0618772351304,2020.2212993443,2020.22131147545,224800000,hCoV-19/Belgium/ULG-9725/2020|EPI_ISL_418659|2020-03-22|Europe
680,681,0.0048124373320001,641165.448856303,702812.435638077,649001.462548257,741008.934739891,0.0821896724624001,0.0773772351304,2020.2367993443,2020.24161178163,224800000,NA
680,684,0.00203000000000009,641165.448856303,702812.435638077,641147.689227393,702795.861220277,0.0794072351304,0.0773772351304,2020.2367993443,2020.2388293443,224800000,NA
681,683,0.000457562667599998,649001.462548257,741008.934739891,649000.168657605,741013.2691877,0.0826472351300001,0.0821896724624001,2020.24161178163,2020.2420693443,224800000,NA
681,682,0.000457562667599998,649001.462548257,741008.934739891,649000.168657605,741013.2691877,0.0826472351300001,0.0821896724624001,2020.24161178163,2020.2420693443,224800000,NA
682,163,0.0994607103799999,649000.168657605,741013.2691877,654066.047536355,638765.852662611,0.18210794551,0.0826472351300001,2020.2420693443,2020.34153005468,224800000,SARS2-CoV/Belgium/Human/rega-0505643
682,164,0.1049251913,649000.168657605,741013.2691877,648857.260806023,741022.280313775,0.18757242643,0.0826472351300001,2020.2420693443,2020.3469945356,224800000,hCoV-19/Belgium/ULG-10205/2020|EPI_ISL_484694|2020-05-07
683,166,0.0748705464499999,649000.168657605,741013.2691877,662489.536193219,552002.896933148,0.15751778158,0.0826472351300001,2020.2420693443,2020.31693989075,224800000,SARS2-CoV/Belgium/Human/rega-0426604
683,165,0.15957,649000.168657605,741013.2691877,644362.053493397,757784.978912027,0.24221723513,0.0826472351300001,2020.2420693443,2020.4016393443,224800000,hCoV-19/Belgium/ULG-10197/2020|EPI_ISL_471432|2020-05-27|Europe
684,685,0.00124581545899993,641147.689227393,702795.861220277,641157.537579311,702791.600829422,0.0806530505894,0.0794072351304,2020.2388293443,2020.24007515976,224800000,NA
684,167,0.00707229508199991,641147.689227393,702795.861220277,629952.772692969,744220.361040756,0.0864795302124,0.0794072351304,2020.2388293443,2020.24590163938,224800000,hCoV-19/Belgium/ULG-10030/2020|EPI_ISL_421204|2020-03-31|Europe
685,686,0.00533418454099999,641157.537579311,702791.600829422,648641.473880933,732780.643544603,0.0859872351304,0.0806530505894,2020.24007515976,2020.2454093443,224800000,NA
685,168,0.00309423918600005,641157.537579311,702791.600829422,641160.584682672,702774.1251647,0.0837472897754,0.0806530505894,2020.24007515976,2020.24316939894,224800000,hCoV-19/Belgium/DNM-0330351/2020|EPI_ISL_462205|2020-03-30|Europe
686,688,0.0152300000000001,648641.473880933,732780.643544603,653003.678483195,639475.573413045,0.1012172351304,0.0859872351304,2020.2454093443,2020.2606393443,224800000,NA
686,687,0.00867000000000007,648641.473880933,732780.643544603,648617.441796151,732769.349776304,0.0946572351304,0.0859872351304,2020.2454093443,2020.2540793443,224800000,NA
687,169,0.00821573770499995,648617.441796151,732769.349776304,661971.548468453,670860.762949172,0.1028729728354,0.0946572351304,2020.2540793443,2020.262295082,224800000,SARS2-CoV/Belgium/Human/rega-0406856
687,170,1.90163933699861e-05,648617.441796151,732769.349776304,648617.40782981,732770.922894068,0.09467625152377,0.0946572351304,2020.2540793443,2020.25409836069,224800000,hCoV-19/Belgium/ULG-10074/2020|EPI_ISL_424634|2020-04-03|Europe
688,695,0.00215999999999994,653003.678483195,639475.573413045,652947.689500751,639487.886711357,0.1033772351304,0.1012172351304,2020.2606393443,2020.2627993443,224800000,NA
688,689,0.00268999999999997,653003.678483195,639475.573413045,633897.542500411,757890.368060006,0.1039072351304,0.1012172351304,2020.2606393443,2020.2633293443,224800000,NA
689,690,0.00448206034699994,633897.542500411,757890.368060006,653028.522017702,639525.970912936,0.1083892954774,0.1039072351304,2020.2633293443,2020.26781140465,224800000,NA
689,693,0.00202917902900002,633897.542500411,757890.368060006,653012.800454198,639467.703684281,0.1059364141594,0.1039072351304,2020.2633293443,2020.26535852333,224800000,NA
690,692,0.000337939652900077,653028.522017702,639525.970912936,652975.010782344,639624.20551023,0.1087272351303,0.1083892954774,2020.26781140465,2020.2681493443,224800000,NA
690,691,0.000247939652900042,653028.522017702,639525.970912936,647841.504084302,635891.809070264,0.1086372351303,0.1083892954774,2020.26781140465,2020.2680593443,224800000,NA
691,171,0.00243245901599998,647841.504084302,635891.809070264,647610.605319975,636380.731998808,0.1110696941463,0.1086372351303,2020.2680593443,2020.27049180331,224800000,SARS2-CoV/Belgium/Human/rega-0409561
691,172,0.00243245901599998,647841.504084302,635891.809070264,647444.996059712,648943.532008472,0.1110696941463,0.1086372351303,2020.2680593443,2020.27049180331,224800000,hCoV-19/Belgium/SA-0409296/2020|EPI_ISL_464090|2020-04-09|Europe
692,174,0.00507469945299999,652975.010782344,639624.20551023,675262.619436851,676864.175771209,0.1138019345833,0.1087272351303,2020.2681493443,2020.27322404375,224800000,SARS2-CoV/Belgium/Human/rega-0410572
692,173,0.00234245901599994,652975.010782344,639624.20551023,652981.599798039,639634.838263019,0.1110696941463,0.1087272351303,2020.2681493443,2020.27049180331,224800000,hCoV-19/Belgium/rega-0409435/2020|EPI_ISL_476944|2020-04-09|Europe
693,175,0.01879448217,653012.800454198,639467.703684281,639335.956408155,636016.84930088,0.1247308963294,0.1059364141594,2020.26535852333,2020.2841530055,224800000,hCoV-19/Belgium/rega-0414479/2020|EPI_ISL_476989|2020-04-14|Europe
693,694,0.000140820971299971,653012.800454198,639467.703684281,653021.057577585,639470.584182792,0.1060772351307,0.1059364141594,2020.26535852333,2020.2654993443,224800000,NA
694,177,0.00226021857900005,653021.057577585,639470.584182792,649674.093790948,736329.332705262,0.1083374537097,0.1060772351307,2020.2654993443,2020.26775956288,224800000,hCoV-19/Belgium/ULG-10142/2020|EPI_ISL_427385|2020-04-08|Europe
694,176,0.0104569398900001,653021.057577585,639470.584182792,656026.202343917,635485.710617693,0.1165341750207,0.1060772351307,2020.2654993443,2020.27595628419,224800000,hCoV-19/Belgium/rega-0411441/2020|EPI_ISL_476951|2020-04-11|Europe
695,697,0.00192120702999998,652947.689500751,639487.886711357,656044.209045335,643751.202602709,0.1052984421604,0.1033772351304,2020.2627993443,2020.26472055133,224800000,NA
695,696,0.00221000000000005,652947.689500751,639487.886711357,624743.522882407,649438.412622083,0.1055872351304,0.1033772351304,2020.2627993443,2020.2650093443,224800000,NA
696,179,1.7978142100028e-05,624743.522882407,649438.412622083,624740.457329598,649473.485224479,0.1056052132725,0.1055872351304,2020.2650093443,2020.26502732244,224800000,hCoV-19/Belgium/rega-0405288/2020|EPI_ISL_464082|2020-04-07|Europe
696,178,0.01094693989,624743.522882407,649438.412622083,650254.341394113,651897.68769325,0.1165341750204,0.1055872351304,2020.2650093443,2020.27595628419,224800000,hCoV-19/Belgium/rega-0411470/2020|EPI_ISL_476980|2020-04-11|Europe
697,699,0.04161879297,656044.209045335,643751.202602709,668164.726774981,645344.632065627,0.1469172351304,0.1052984421604,2020.26472055133,2020.3063393443,224800000,NA
697,698,0.000778792970200004,656044.209045335,643751.202602709,656082.848564172,643771.579179404,0.1060772351306,0.1052984421604,2020.26472055133,2020.2654993443,224800000,NA
698,180,0.0104569398900001,656082.848564172,643771.579179404,655979.94181885,611951.793620333,0.1165341750206,0.1060772351306,2020.2654993443,2020.27595628419,224800000,hCoV-19/Belgium/DMT-0411408/2020|EPI_ISL_462262|2020-04-11|Europe
698,181,0.00226021857900005,656082.848564172,643771.579179404,640309.076082575,732642.543934579,0.1083374537096,0.1060772351306,2020.2654993443,2020.26775956288,224800000,hCoV-19/Belgium/ULG-10136/2020|EPI_ISL_427381|2020-04-08|Europe
699,700,0.0212600000000001,668164.726774981,645344.632065627,672312.73493878,666265.063664341,0.1681772351304,0.1469172351304,2020.3063393443,2020.3275993443,224800000,NA
699,182,0.00240382513699999,668164.726774981,645344.632065627,668074.437944261,645232.624070841,0.1493210602674,0.1469172351304,2020.3063393443,2020.30874316944,224800000,SARS2-CoV/Belgium/Human/rega-0423597
700,701,0.0354399999999999,672312.73493878,666265.063664341,672352.195305458,666275.098225062,0.2036172351304,0.1681772351304,2020.3275993443,2020.3630393443,224800000,NA
700,183,0.0412531147499999,672312.73493878,666265.063664341,648554.103583304,756339.346579195,0.2094303498804,0.1681772351304,2020.3275993443,2020.36885245905,224800000,hCoV-19/Belgium/ULG-10207/2020|EPI_ISL_484696|2020-05-15|Europe
701,184,0.188873224,672352.195305458,666275.098225062,673754.317057884,650951.981297217,0.3924904591304,0.2036172351304,2020.3630393443,2020.5519125683,224800000,SARS2-CoV/Belgium/Human/rega-0721811
701,702,0.10873,672352.195305458,666275.098225062,674770.796821735,672701.886159394,0.3123472351304,0.2036172351304,2020.3630393443,2020.4717693443,224800000,NA
702,185,0.05008857923,674770.796821735,672701.886159394,674767.754650973,672772.218957992,0.3624358143604,0.3123472351304,2020.4717693443,2020.52185792353,224800000,SARS2-CoV/Belgium/Human/rega-0710918
702,703,0.214817775,674770.796821735,672701.886159394,677192.764185694,671729.562456123,0.5271650101304,0.3123472351304,2020.4717693443,2020.6865871193,224800000,NA
703,704,0.000622225029400014,677192.764185694,671729.562456123,677188.513700958,671716.284011345,0.5277872351598,0.5271650101304,2020.6865871193,2020.68720934433,224800000,NA
703,186,0.02106315399,677192.764185694,671729.562456123,679246.583828737,675607.723433651,0.5482281641204,0.5271650101304,2020.6865871193,2020.70765027329,224800000,SARS2-CoV/Belgium/Human/rega-0916979
704,187,0.01770868852,677188.513700958,671716.284011345,672194.985365306,662495.966284401,0.5454959236798,0.5277872351598,2020.68720934433,2020.70491803285,224800000,SARS2-CoV/Belgium/Human/rega-0915953
704,188,0.02044092896,677188.513700958,671716.284011345,677241.360019257,671824.756849548,0.5482281641198,0.5277872351598,2020.68720934433,2020.70765027329,224800000,SARS2-CoV/Belgium/Human/rega-0916963
705,189,0.0259021311500001,663850.297946375,656052.033870395,646435.296185251,728818.863147991,0.0618893662834,0.0359872351334,2020.1954093443,2020.22131147545,224800000,hCoV-19/Belgium/ULG-9738/2020|EPI_ISL_418662|2020-03-22|Europe
705,706,0.00185000000000002,663850.297946375,656052.033870395,663878.587177874,656043.882034389,0.0378372351334,0.0359872351334,2020.1954093443,2020.1972593443,224800000,NA
706,711,0.00195000000000001,663878.587177874,656043.882034389,621616.874930933,612536.209918563,0.0397872351334,0.0378372351334,2020.1972593443,2020.1992093443,224800000,NA
706,707,0.00858356561700002,663878.587177874,656043.882034389,619448.533936937,657675.363592307,0.0464208007504,0.0378372351334,2020.1972593443,2020.20584290992,224800000,NA
707,708,0.01313901611,619448.533936937,657675.363592307,622132.871568063,733558.073791909,0.0595598168604,0.0464208007504,2020.20584290992,2020.21898192603,224800000,NA
707,190,0.01820080597,619448.533936937,657675.363592307,619779.227919625,657413.681421158,0.0646216067204,0.0464208007504,2020.20584290992,2020.22404371589,224800000,hCoV-19/Belgium/EBN-0323116/2020|EPI_ISL_420373|2020-03-23|Europe
708,709,0.00232741827100003,622132.871568063,733558.073791909,622129.07207178,733595.955424465,0.0618872351314,0.0595598168604,2020.21898192603,2020.2213093443,224800000,NA
708,710,0.000247418270799993,622132.871568063,733558.073791909,622131.304578555,733562.406424597,0.0598072351312,0.0595598168604,2020.21898192603,2020.2192293443,224800000,NA
709,192,2.13114762692701e-06,622129.07207178,733595.955424465,631450.8127789,712273.796519486,0.061889366279027,0.0618872351314,2020.2213093443,2020.22131147545,224800000,hCoV-19/Belgium/ULG-9618/2020|EPI_ISL_418648|2020-03-22|Europe
709,191,2.13114762692701e-06,622129.07207178,733595.955424465,622128.222741296,733595.529407776,0.061889366279027,0.0618872351314,2020.2213093443,2020.22131147545,224800000,hCoV-19/Belgium/ULG-9617/2020|EPI_ISL_418647|2020-03-22
710,193,0.0376012568299999,622131.304578555,733562.406424597,631426.460594051,736294.154946304,0.0974084919611999,0.0598072351312,2020.2192293443,2020.25683060113,224800000,hCoV-19/Belgium/ULG-10094/2020|EPI_ISL_424650|2020-04-04|Europe
710,194,0.0376012568299999,622131.304578555,733562.406424597,650895.763374839,763680.820965923,0.0974084919611999,0.0598072351312,2020.2192293443,2020.25683060113,224800000,hCoV-19/Belgium/ULG-10086/2020|EPI_ISL_424644|2020-04-04|Europe
711,746,0.00190999999999997,621616.874930933,612536.209918563,644511.514758561,731957.392007029,0.0416972351334,0.0397872351334,2020.1992093443,2020.2011193443,224800000,NA
711,712,0.00472000000000006,621616.874930933,612536.209918563,627187.560004721,619310.118936544,0.0445072351334,0.0397872351334,2020.1992093443,2020.2039293443,224800000,NA
712,717,0.01206788109,627187.560004721,619310.118936544,626737.723402924,617034.438322186,0.0565751162234001,0.0445072351334,2020.2039293443,2020.21599722539,224800000,NA
712,713,0.00180999999999998,627187.560004721,619310.118936544,626618.477717462,607292.965093553,0.0463172351334,0.0445072351334,2020.2039293443,2020.2057393443,224800000,NA
713,714,0.00544,626618.477717462,607292.965093553,631801.013167481,742241.83754669,0.0517572351334,0.0463172351334,2020.2057393443,2020.2111793443,224800000,NA
713,195,0.00191092896199996,626618.477717462,607292.965093553,631801.723885184,742259.58880422,0.0482281640954,0.0463172351334,2020.2057393443,2020.20765027326,224800000,hCoV-19/Belgium/HN-0317324/2020|EPI_ISL_462178|2020-03-17|Europe
714,716,0.00192999999999999,631801.013167481,742241.83754669,666888.148855506,654621.907364407,0.0536872351334,0.0517572351334,2020.2111793443,2020.2131093443,224800000,NA
714,715,0.00192999999999999,631801.013167481,742241.83754669,666888.148855506,654621.907364407,0.0536872351334,0.0517572351334,2020.2111793443,2020.2131093443,224800000,NA
715,196,5.40983602104195e-06,666888.148855506,654621.907364407,666891.645635811,654619.115978598,0.0536926449694211,0.0536872351334,2020.2131093443,2020.21311475414,224800000,SARS2-CoV/Belgium/Human/rega-0319860
715,197,5.40983602104195e-06,666888.148855506,654621.907364407,622925.208338673,609416.797965347,0.0536926449694211,0.0536872351334,2020.2131093443,2020.21311475414,224800000,hCoV-19/Belgium/CA-0319111/2020|EPI_ISL_420368|2020-03-19|Europe
716,198,5.40983602104195e-06,666888.148855506,654621.907364407,645128.171259971,738835.532128926,0.0536926449694211,0.0536872351334,2020.2131093443,2020.21311475414,224800000,hCoV-19/Belgium/ULG-8810/2020|EPI_ISL_418642|2020-03-19|Europe
716,199,0.05191797814,666888.148855506,654621.907364407,649608.031054179,593398.517417522,0.1056052132734,0.0536872351334,2020.2131093443,2020.26502732244,224800000,hCoV-19/Belgium/rega-0407287/2020|EPI_ISL_464081|2020-04-07|Europe
717,718,3.61888637498975e-05,626737.723402924,617034.438322186,626744.749369136,617023.240682833,0.05661130508715,0.0565751162234001,2020.21599722539,2020.21603341425,224800000,NA
717,727,0.00206211890899999,626737.723402924,617034.438322186,637468.764662385,674591.946909084,0.0586372351324,0.0565751162234001,2020.21599722539,2020.2180593443,224800000,NA
718,719,0.000155930045400043,626744.749369136,617023.240682833,626774.060127052,617027.620068046,0.05676723513255,0.05661130508715,2020.21603341425,2020.2161893443,224800000,NA
718,720,0.006895930045,626744.749369136,617023.240682833,626735.245658139,617030.61661578,0.06350723513215,0.05661130508715,2020.21603341425,2020.2229293443,224800000,NA
719,200,0.02151557377,626774.060127052,617027.620068046,635663.273854978,698425.067302951,0.07828280890255,0.05676723513255,2020.2161893443,2020.23770491807,224800000,hCoV-19/Belgium/GJM-0328354/2020|EPI_ISL_462208|2020-03-28|Europe
719,201,0.02151557377,626774.060127052,617027.620068046,626319.543921589,616486.207556133,0.07828280890255,0.05676723513255,2020.2161893443,2020.23770491807,224800000,hCoV-19/Belgium/Rega-0328209/2020|EPI_ISL_458179|2020-03-28|Europe
720,724,0.00719732028400011,626735.245658139,617030.61661578,626626.887026921,617088.345094278,0.0707045554161501,0.06350723513215,2020.2229293443,2020.23012666458,224800000,NA
720,721,0.00195000000000001,626735.245658139,617030.61661578,621616.874930933,612536.209918563,0.06545723513215,0.06350723513215,2020.2229293443,2020.2248793443,224800000,NA
721,723,0.01451,621616.874930933,612536.209918563,656359.144541563,633659.966325063,0.07996723513215,0.06545723513215,2020.2248793443,2020.2393893443,224800000,NA
721,722,0.001217788163,621616.874930933,612536.209918563,626759.564924694,617004.068515933,0.06667502329515,0.06545723513215,2020.2248793443,2020.22609713246,224800000,NA
722,202,0.00067882385920004,626759.564924694,617004.068515933,624404.957902228,608442.679908956,0.06735384715435,0.06667502329515,2020.22609713246,2020.22677595632,224800000,hCoV-19/Belgium/STM-0324170/2020|EPI_ISL_420427|2020-03-24|Europe
722,203,0.00067882385920004,626759.564924694,617004.068515933,627618.382798165,621033.920170564,0.06735384715435,0.06667502329515,2020.22609713246,2020.22677595632,224800000,hCoV-19/Belgium/LV-0324133/2020|EPI_ISL_420390|2020-03-24|Europe
723,204,0.0447636612,656359.144541563,633659.966325063,660921.424776327,661245.441065536,0.12473089633215,0.07996723513215,2020.2393893443,2020.2841530055,224800000,SARS2-CoV/Belgium/Human/rega-0414489
723,205,0.03656693989,656359.144541563,633659.966325063,656426.607343543,633637.974418509,0.11653417502215,0.07996723513215,2020.2393893443,2020.27595628419,224800000,hCoV-19/Belgium/rega-0411442/2020|EPI_ISL_476952|2020-04-11|Europe
724,725,0.00055711820139992,626626.887026921,617088.345094278,626638.702110264,617082.814697152,0.07126167361755,0.0707045554161501,2020.23012666458,2020.23068378279,224800000,NA
724,209,0.0895454666,626626.887026921,617088.345094278,635729.95991764,582771.302338673,0.16025002201615,0.0707045554161501,2020.23012666458,2020.31967213118,224800000,SARS2-CoV/Belgium/Human/rega-0427658
725,726,0.00428556151400006,626638.702110264,617082.814697152,616566.454321466,655314.637180394,0.07554723513155,0.07126167361755,2020.23068378279,2020.2349693443,224800000,NA
725,208,0.03980802053,626638.702110264,617082.814697152,674826.525163321,652513.540026667,0.11106969414755,0.07126167361755,2020.23068378279,2020.27049180332,224800000,SARS2-CoV/Belgium/Human/rega-0409564
726,206,3.33333325697183e-06,616566.454321466,655314.637180394,633992.908188007,650690.769620269,0.075550568464807,0.07554723513155,2020.2349693443,2020.23497267763,224800000,hCoV-19/Belgium/Rega-0327213/2020|EPI_ISL_458183|2020-03-27|Europe
726,207,3.33333325697183e-06,616566.454321466,655314.637180394,616566.589501399,655314.087843011,0.075550568464807,0.07554723513155,2020.2349693443,2020.23497267763,224800000,hCoV-19/Belgium/AF-0327321/2020|EPI_ISL_462175|2020-03-27|Europe
727,728,0.00175139054399998,637468.764662385,674591.946909084,641929.586132157,688745.224761797,0.0603886256764,0.0586372351324,2020.2180593443,2020.21981073484,224800000,NA
727,739,0.0126417838399999,637468.764662385,674591.946909084,637587.770906328,674340.296369478,0.0712790189724,0.0586372351324,2020.2180593443,2020.23070112814,224800000,NA
728,729,0.00215860945599999,641929.586132157,688745.224761797,641946.863715606,688731.76191751,0.0625472351324,0.0603886256764,2020.21981073484,2020.2219693443,224800000,NA
728,732,0.000208609455899955,641929.586132157,688745.224761797,641928.799260796,688747.058650415,0.0605972351323,0.0603886256764,2020.21981073484,2020.2200193443,224800000,NA
729,731,0.00137944993299999,641946.863715606,688731.76191751,649700.334165139,664523.151388071,0.0639266850654,0.0625472351324,2020.2219693443,2020.22334879423,224800000,NA
729,730,0.00177673571500003,641946.863715606,688731.76191751,641944.248499489,688730.120170722,0.0643239708474,0.0625472351324,2020.2219693443,2020.22374608002,224800000,NA
730,210,0.00029763587019993,641944.248499489,688730.120170722,656404.441953143,654176.085802427,0.0646216067176,0.0643239708474,2020.22374608002,2020.22404371589,224800000,SARS2-CoV/Belgium/Human/rega-0323867
730,211,0.00029763587019993,641944.248499489,688730.120170722,641949.028933718,688734.371878249,0.0646216067176,0.0643239708474,2020.22374608002,2020.22404371589,224800000,SARS2-CoV/Belgium/Human/rega-0323868
731,212,0.006159402526,649700.334165139,664523.151388071,682484.635652273,656920.431858882,0.0700860875914,0.0639266850654,2020.22334879423,2020.22950819676,224800000,hCoV-19/Belgium/NML-0325127/2020|EPI_ISL_420384|2020-03-25|Europe
731,213,0.000694921651799962,649700.334165139,664523.151388071,649712.332931636,664528.820795969,0.0646216067172,0.0639266850654,2020.22334879423,2020.22404371589,224800000,SARS2-CoV/Belgium/Human/rega-0323869
732,734,0.000290000000000012,641928.799260796,688747.058650415,641938.383461987,688743.193789984,0.0608872351323,0.0605972351323,2020.2200193443,2020.2203093443,224800000,NA
732,733,0.02279,641928.799260796,688747.058650415,642769.160502485,732328.502899845,0.0833872351323,0.0605972351323,2020.2200193443,2020.2428093443,224800000,NA
733,215,0.0167534972700001,642769.160502485,732328.502899845,642592.097457254,732378.888007138,0.1001407324023,0.0833872351323,2020.2428093443,2020.25956284157,224800000,hCoV-19/Belgium/ULG-10049/2020|EPI_ISL_424658|2020-04-05|Europe
733,214,0.02495021858,642769.160502485,732328.502899845,639420.426569105,730360.005352637,0.1083374537123,0.0833872351323,2020.2428093443,2020.26775956288,224800000,hCoV-19/Belgium/ULG-10134/2020|EPI_ISL_427379|2020-04-08|Europe
734,735,0.06039455399,641938.383461987,688743.193789984,667511.885260436,662375.613676797,0.1212817891223,0.0608872351323,2020.2203093443,2020.28070389829,224800000,NA
734,216,0.02286005464,641938.383461987,688743.193789984,640929.729485149,731211.264973699,0.0837472897722999,0.0608872351323,2020.2203093443,2020.24316939894,224800000,hCoV-19/Belgium/ULG-10023/2020|EPI_ISL_427341|2020-03-30|Europe
735,736,0.000145446012299932,667511.885260436,662375.613676797,667512.118771455,662373.668259023,0.1214272351346,0.1212817891223,2020.28070389829,2020.2808493443,224800000,NA
735,217,0.00344910721499991,667511.885260436,662375.613676797,668234.434994991,662429.406579402,0.1247308963373,0.1212817891223,2020.28070389829,2020.28415300551,224800000,hCoV-19/Belgium/rega-0414478/2020|EPI_ISL_476988|2020-04-14|Europe
736,737,9.00000000000345e-05,667512.118771455,662373.668259023,667508.592214709,662374.998430787,0.1215172351346,0.1214272351346,2020.2808493443,2020.2809393443,224800000,NA
736,218,0.0524839890700001,667512.118771455,662373.668259023,667580.077961771,662556.372593451,0.1739112242046,0.1214272351346,2020.2808493443,2020.33333333337,224800000,hCoV-19/Belgium/rega-0502481/2020|EPI_ISL_476997|2020-05-02|Europe
737,219,0.05512622951,667508.592214709,662374.998430787,680915.020142162,681322.038281883,0.1766434646446,0.1215172351346,2020.2809393443,2020.33606557381,224800000,hCoV-19/Belgium/rega-0503483/2020|EPI_ISL_476999|2020-05-03|Europe
737,738,0.00783581959900004,667508.592214709,662374.998430787,667220.416892463,665840.735978388,0.1293530547336,0.1215172351346,2020.2809393443,2020.2887751639,224800000,NA
738,221,0.000842322477299984,667220.416892463,665840.735978388,667184.772102128,665912.645899758,0.1301953772109,0.1293530547336,2020.2887751639,2020.28961748638,224800000,SARS2-CoV/Belgium/Human/rega-0416500
738,220,0.00357456291399993,667220.416892463,665840.735978388,670177.021416684,663145.895024218,0.1329276176476,0.1293530547336,2020.2887751639,2020.29234972682,224800000,SARS2-CoV/Belgium/Human/rega-0417517
739,742,0.00659997477399998,637587.770906328,674340.296369478,670586.423476159,614747.76870829,0.0778789937463999,0.0712790189724,2020.23070112814,2020.23730110291,224800000,NA
739,740,0.000276593704800043,637587.770906328,674340.296369478,637588.003990324,674332.066086719,0.0715556126772,0.0712790189724,2020.23070112814,2020.23097772185,224800000,NA
740,741,0.000761622453799959,637588.003990324,674332.066086719,637561.828259794,674325.747959862,0.072317235131,0.0715556126772,2020.23097772185,2020.2317393443,224800000,NA
740,224,0.0613720049700001,637588.003990324,674332.066086719,634412.386667585,606920.375299446,0.1329276176472,0.0715556126772,2020.23097772185,2020.29234972682,224800000,SARS2-CoV/Belgium/Human/rega-0417509
741,222,0.02235901639,637561.828259794,674325.747959862,637416.586681505,674377.935650438,0.094676251521,0.072317235131,2020.2317393443,2020.25409836069,224800000,hCoV-19/Belgium/LA-0403382/2020|EPI_ISL_462236|2020-04-03|Europe
741,223,0.02782349727,637561.828259794,674325.747959862,635460.832309217,759042.577845376,0.100140732401,0.072317235131,2020.2317393443,2020.25956284157,224800000,hCoV-19/Belgium/ULG-10055/2020|EPI_ISL_424652|2020-04-05|Europe
742,743,0.00225075958000009,670586.423476159,614747.76870829,670570.088728675,614744.900096819,0.0801297533264,0.0778789937463999,2020.23730110291,2020.23955186249,224800000,NA
742,744,0.000358241384900038,670586.423476159,614747.76870829,670577.917739838,614761.821466967,0.0782372351313,0.0778789937463999,2020.23730110291,2020.2376593443,224800000,NA
743,225,0.000885296013099945,670570.088728675,614744.900096819,616233.531373725,618259.263320637,0.0810150493395,0.0801297533264,2020.23955186249,2020.24043715851,224800000,hCoV-19/Belgium/Rega-0329237/2020|EPI_ISL_458207|2020-03-29|Europe
743,226,0.000885296013099945,670570.088728675,614744.900096819,710958.58712068,583316.019039582,0.0810150493395,0.0801297533264,2020.23955186249,2020.24043715851,224800000,hCoV-19/Belgium/Rega-0329236/2020|EPI_ISL_458206|2020-03-29|Europe
744,745,0.02708,670577.917739838,614761.821466967,670414.331248691,614372.183451118,0.1053172351313,0.0782372351313,2020.2376593443,2020.2647393443,224800000,NA
744,227,0.0874772677600001,670577.917739838,614761.821466967,627711.607963151,674284.033190418,0.1657145028913,0.0782372351313,2020.2376593443,2020.32513661206,224800000,SARS2-CoV/Belgium/Human/rega-0429911
745,228,0.05493278689,670414.331248691,614372.183451118,670443.327031425,614428.068477088,0.1602500220213,0.1053172351313,2020.2647393443,2020.31967213119,224800000,SARS2-CoV/Belgium/Human/rega-0427610
745,229,0.05493278689,670414.331248691,614372.183451118,669566.628531479,617724.240634696,0.1602500220213,0.1053172351313,2020.2647393443,2020.31967213119,224800000,SARS2-CoV/Belgium/Human/rega-0427611
746,748,0.00561,644511.514758561,731957.392007029,696949.080481473,687612.499586725,0.0473072351334,0.0416972351334,2020.2011193443,2020.2067293443,224800000,NA
746,747,0.00313299345700002,644511.514758561,731957.392007029,644325.541368997,731839.818295611,0.0448302285904,0.0416972351334,2020.2011193443,2020.20425233776,224800000,NA
747,231,0.00066569506780001,644325.541368997,731839.818295611,638098.908033883,740693.30073208,0.0454959236582,0.0448302285904,2020.20425233776,2020.20491803283,224800000,hCoV-19/Belgium/ULG-7500/2020|EPI_ISL_418632|2020-03-16|Europe
747,230,0.00066569506780001,644325.541368997,731839.818295611,644281.081056003,731828.985371117,0.0454959236582,0.0448302285904,2020.20425233776,2020.20491803283,224800000,hCoV-19/Belgium/ULG-7134/2020|EPI_ISL_418628|2020-03-16|Europe
748,749,0.00700504543800007,696949.080481473,687612.499586725,647796.374287447,637719.867782954,0.0543122805714,0.0473072351334,2020.2067293443,2020.21373438974,224800000,NA
748,761,0.00755769003200002,696949.080481473,687612.499586725,652036.803345967,621737.883269811,0.0548649251654,0.0473072351334,2020.2067293443,2020.21428703433,224800000,NA
749,751,0.01744447322,647796.374287447,637719.867782954,647638.370551712,638024.356238582,0.0717567537914,0.0543122805714,2020.21373438974,2020.23117886296,224800000,NA
749,750,0.000204954561799919,647796.374287447,637719.867782954,632812.413024306,649543.344141169,0.0545172351331999,0.0543122805714,2020.21373438974,2020.2139393443,224800000,NA
750,232,0.00190765027300011,632812.413024306,649543.344141169,639899.780401275,737081.23909431,0.0564248854062001,0.0545172351331999,2020.2139393443,2020.21584699457,224800000,hCoV-19/Belgium/ULG-10215/2020|EPI_ISL_484703|2020-03-20|Europe
750,233,0.00190765027300011,632812.413024306,649543.344141169,632847.228890821,649499.753372246,0.0564248854062001,0.0545172351331999,2020.2139393443,2020.21584699457,224800000,SARS2-CoV/Belgium/Human/rega-0320854
751,752,0.002320481338,647638.370551712,638024.356238582,633809.303672395,622342.197328968,0.0740772351294,0.0717567537914,2020.23117886296,2020.2334993443,224800000,NA
751,756,0.000410481338400048,647638.370551712,638024.356238582,647751.379253216,637975.525879099,0.0721672351298001,0.0717567537914,2020.23117886296,2020.2315893443,224800000,NA
752,753,0.00121000000000004,633809.303672395,622342.197328968,633831.874635884,622357.944271104,0.0752872351294001,0.0740772351294,2020.2334993443,2020.2347093443,224800000,NA
752,755,0.00419999999999998,633809.303672395,622342.197328968,633805.462534838,622351.055837675,0.0782772351294,0.0740772351294,2020.2334993443,2020.2376993443,224800000,NA
753,234,0.0685693442599999,633831.874635884,622357.944271104,673771.717074661,658849.461032609,0.1438565793894,0.0752872351294001,2020.2347093443,2020.30327868856,224800000,hCoV-19/Belgium/rega-0421423/2020|EPI_ISL_476991|2020-04-21|Europe
753,754,0.156,633831.874635884,622357.944271104,645359.063656597,759034.081599812,0.2312872351294,0.0752872351294001,2020.2347093443,2020.3907093443,224800000,NA
754,235,1.03825126801516e-06,645359.063656597,759034.081599812,645359.065270779,759034.263366915,0.231288273380668,0.2312872351294,2020.3907093443,2020.39071038255,224800000,hCoV-19/Belgium/ULG-10202/2020|EPI_ISL_471436|2020-05-23|Europe
754,236,0.01366224044,645359.063656597,759034.081599812,651981.412706489,764309.694825486,0.2449494755694,0.2312872351294,2020.3907093443,2020.40437158474,224800000,hCoV-19/Belgium/ULG-10196/2020|EPI_ISL_471431|2020-05-28|Europe
755,238,5.5737703840153e-06,633805.462534838,622351.055837675,633805.400987017,622351.611979575,0.078282808899784,0.0782772351294,2020.2376993443,2020.23770491807,224800000,hCoV-19/Belgium/SG-0328314/2020|EPI_ISL_462168|2020-03-28|Europe
755,237,0.00273781420800001,633805.462534838,622351.055837675,626461.394021058,622732.675814657,0.0810150493374,0.0782772351294,2020.2376993443,2020.24043715851,224800000,hCoV-19/Belgium/Rega-0329219/2020|EPI_ISL_458189|2020-03-29|Europe
756,757,0.02728,647751.379253216,637975.525879099,668373.922203381,648552.096104071,0.0994472351298,0.0721672351298001,2020.2315893443,2020.2588693443,224800000,NA
756,239,0.01158005464,647751.379253216,637975.525879099,650240.392810539,590676.526208046,0.0837472897698001,0.0721672351298001,2020.2315893443,2020.24316939894,224800000,hCoV-19/Belgium/Rega-0330250/2020|EPI_ISL_458220|2020-03-30|Europe
757,758,0.00480999999999998,668373.922203381,648552.096104071,668389.531805101,648547.886158497,0.1042572351298,0.0994472351298,2020.2588693443,2020.2636793443,224800000,NA
757,240,0.04987382514,668373.922203381,648552.096104071,668515.786924669,648899.910593367,0.1493210602698,0.0994472351298,2020.2588693443,2020.30874316944,224800000,SARS2-CoV/Belgium/Human/rega-0423599
758,241,0.00681245901600003,668389.531805101,648547.886158497,668377.865153149,648544.328817877,0.1110696941458,0.1042572351298,2020.2636793443,2020.27049180331,224800000,SARS2-CoV/Belgium/Human/rega-0409560
758,759,0.08820448499,668389.531805101,648547.886158497,668433.149960374,648602.109643027,0.1924617201198,0.1042572351298,2020.2636793443,2020.35188382929,224800000,NA
759,242,0.000575187143599942,668433.149960374,648602.109643027,668743.307657885,648866.179141043,0.1930369072634,0.1924617201198,2020.35188382929,2020.35245901643,224800000,SARS2-CoV/Belgium/Human/rega-0509651
759,760,0.00206551501300001,668433.149960374,648602.109643027,668491.540993468,648597.374136169,0.1945272351328,0.1924617201198,2020.35188382929,2020.3539493443,224800000,NA
760,244,0.08594136612,668491.540993468,648597.374136169,674351.379435583,653692.874256681,0.2804686012528,0.1945272351328,2020.3539493443,2020.43989071042,224800000,SARS2-CoV/Belgium/Human/rega-0610713
760,243,0.03129655738,668491.540993468,648597.374136169,668283.499001835,648042.101101781,0.2258237925128,0.1945272351328,2020.3539493443,2020.38524590168,224800000,SARS2-CoV/Belgium/Human/rega-0521681
761,762,0.00132230996799998,652036.803345967,621737.883269811,651993.622194805,621794.177348545,0.0561872351334,0.0548649251654,2020.21428703433,2020.2156093443,224800000,NA
761,763,0.00029038300990003,652036.803345967,621737.883269811,652044.070557826,621734.263947381,0.0551553081753,0.0548649251654,2020.21428703433,2020.21457741734,224800000,NA
762,246,0.02482781421,651993.622194805,621794.177348545,651999.35127651,621767.443121901,0.0810150493434,0.0561872351334,2020.2156093443,2020.24043715851,224800000,hCoV-19/Belgium/Rega-0329230/2020|EPI_ISL_458200|2020-03-29|Europe
762,245,0.02482781421,651993.622194805,621794.177348545,700086.405736292,579474.665985328,0.0810150493434,0.0561872351334,2020.2156093443,2020.24043715851,224800000,hCoV-19/Belgium/Rega-0329228/2020|EPI_ISL_458198|2020-03-29|Europe
763,247,0.02312750073,652044.070557826,621734.263947381,676522.895667123,669600.373174753,0.0782828089053,0.0551553081753,2020.21457741734,2020.23770491807,224800000,hCoV-19/Belgium/Rega-0328203/2020|EPI_ISL_458173|2020-03-28|Europe
763,764,0.000831926958600016,652044.070557826,621734.263947381,652103.434462726,621754.813077801,0.0559872351339,0.0551553081753,2020.21457741734,2020.2154093443,224800000,NA
764,766,0.2835341074,652103.434462726,621754.813077801,709322.073462236,655738.664853762,0.3395213425339,0.0559872351339,2020.2154093443,2020.4989434517,224800000,NA
764,765,0.02504,652103.434462726,621754.813077801,641093.519805638,581915.63301915,0.0810272351339,0.0559872351339,2020.2154093443,2020.2404493443,224800000,NA
765,248,0.0437036612,641093.519805638,581915.63301915,646636.305705872,608806.95480517,0.1247308963339,0.0810272351339,2020.2404493443,2020.2841530055,224800000,SARS2-CoV/Belgium/Human/rega-0414494
765,249,0.0437036612,641093.519805638,581915.63301915,641140.511268083,581902.034174116,0.1247308963339,0.0810272351339,2020.2404493443,2020.2841530055,224800000,SARS2-CoV/Belgium/Human/rega-0414678
766,769,0.000120561176700007,709322.073462236,655738.664853762,709338.303850882,655764.376178037,0.3396419037106,0.3395213425339,2020.4989434517,2020.49906401288,224800000,NA
766,767,0.00105589256799998,709322.073462236,655738.664853762,709353.286785692,655757.47925914,0.3405772351019,0.3395213425339,2020.4989434517,2020.49999934427,224800000,NA
767,250,0.07923562842,709353.286785692,655757.47925914,709246.602416085,655940.155553266,0.4198128635219,0.3405772351019,2020.49999934427,2020.57923497269,224800000,SARS2-CoV/Belgium/Human/rega-0731778
767,768,0.1174570092,709353.286785692,655757.47925914,640565.522266356,725489.701510578,0.4580342443019,0.3405772351019,2020.49999934427,2020.61745635347,224800000,NA
768,252,2.99853320300247e-05,640565.522266356,725489.701510578,645124.103979611,725381.961346624,0.45806422963393,0.4580342443019,2020.61745635347,2020.6174863388,224800000,hCoV-19/Belgium/ULG-10425/2020|EPI_ISL_581605|2020-08-14|Europe
768,251,2.99853320300247e-05,640565.522266356,725489.701510578,640534.429907666,725488.117316895,0.45806422963393,0.4580342443019,2020.61745635347,2020.6174863388,224800000,hCoV-19/Belgium/ULG-10426/2020|EPI_ISL_581606|2020-08-14|Europe
769,770,0.00667533139100002,709338.303850882,655764.376178037,709484.929383845,654080.538991317,0.3463172351016,0.3396419037106,2020.49906401288,2020.50573934427,224800000,NA
769,1026,0.000935331390799987,709338.303850882,655764.376178037,721640.353830605,686052.867424029,0.3405772351014,0.3396419037106,2020.49906401288,2020.49999934427,224800000,NA
770,775,0.00241000000000002,709484.929383845,654080.538991317,709489.849268274,654069.575445621,0.3487272351016,0.3463172351016,2020.50573934427,2020.50814934427,224800000,NA
770,771,0.05104,709484.929383845,654080.538991317,709591.517533232,654074.465300241,0.3973572351016,0.3463172351016,2020.50573934427,2020.55677934427,224800000,NA
771,772,0.00301000000000001,709591.517533232,654074.465300241,668756.230924064,680515.259313405,0.4003672351016,0.3973572351016,2020.55677934427,2020.55978934427,224800000,NA
771,253,0.02245562842,709591.517533232,654074.465300241,714427.833727631,657080.649432256,0.4198128635216,0.3973572351016,2020.55677934427,2020.57923497269,224800000,SARS2-CoV/Belgium/Human/rega-0731787
772,254,0.1287352459,668756.230924064,680515.259313405,668788.59694836,680356.59033646,0.5291024810016,0.4003672351016,2020.55978934427,2020.68852459017,224800000,SARS2-CoV/Belgium/Human/rega-0909932
772,773,0.03513526226,668756.230924064,680515.259313405,645218.70330337,753700.780963284,0.4355024973616,0.4003672351016,2020.55978934427,2020.59492460653,224800000,NA
773,255,0.000703808780600002,645218.70330337,753700.780963284,645231.472425056,753686.27336976,0.4362063061422,0.4355024973616,2020.59492460653,2020.59562841531,224800000,hCoV-19/Belgium/ULG-10361/2020|EPI_ISL_540528|2020-08-06|Europe
773,774,0.0006947377423,645218.70330337,753700.780963284,644534.694466101,755681.279619309,0.4361972351039,0.4355024973616,2020.59492460653,2020.59561934427,224800000,NA
774,257,9.07103823100108e-06,644534.694466101,755681.279619309,644535.174615972,755680.476822304,0.436206306142131,0.4361972351039,2020.59561934427,2020.59562841531,224800000,hCoV-19/Belgium/ULG-10360/2020|EPI_ISL_540527|2020-08-06|Europe
774,256,0.00274131147500001,644534.694466101,755681.279619309,644474.368972594,756753.99483484,0.4389385465789,0.4361972351039,2020.59561934427,2020.59836065575,224800000,hCoV-19/Belgium/ULG-10362/2020|EPI_ISL_540529|2020-08-07
775,776,0.00239,709489.849268274,654069.575445621,642268.447037001,731458.868338903,0.3511172351016,0.3487272351016,2020.50814934427,2020.51053934427,224800000,NA
775,258,0.07928234973,709489.849268274,654069.575445621,710209.096008,654206.044408632,0.4280095848316,0.3487272351016,2020.50814934427,2020.587431694,224800000,SARS2-CoV/Belgium/Human/rega-0803747
776,813,0.00223000000000001,642268.447037001,731458.868338903,645931.800797911,759117.80373497,0.3533472351016,0.3511172351016,2020.51053934427,2020.51276934427,224800000,NA
776,777,0.0322679553,642268.447037001,731458.868338903,698572.757997649,667499.015792763,0.3833851904016,0.3511172351016,2020.51053934427,2020.54280729957,224800000,NA
777,778,0.000662044704200004,698572.757997649,667499.015792763,672773.392672968,650483.503089948,0.3840472351058,0.3833851904016,2020.54280729957,2020.54346934427,224800000,NA
777,793,0.000656570947000001,698572.757997649,667499.015792763,698473.114469738,667563.677353076,0.3840417613486,0.3833851904016,2020.54280729957,2020.54346387052,224800000,NA
778,779,0.0310896816,672773.392672968,650483.503089948,672711.914610132,650501.432591967,0.4151369167058,0.3840472351058,2020.54346934427,2020.57455902587,224800000,NA
778,781,0.03243713673,672773.392672968,650483.503089948,648765.138490734,738530.004109553,0.4164843718358,0.3840472351058,2020.54346934427,2020.575906481,224800000,NA
779,780,0.0594803184,672711.914610132,650501.432591967,660304.657153448,658172.056996783,0.4746172351058,0.4151369167058,2020.57455902587,2020.63403934427,224800000,NA
779,261,0.007408187249,672711.914610132,650501.432591967,672745.81905819,650491.285194581,0.4225451039548,0.4151369167058,2020.57455902587,2020.58196721312,224800000,SARS2-CoV/Belgium/Human/rega-0801771
780,260,0.07361092896,660304.657153448,658172.056996783,660182.556309793,657826.52951103,0.5482281640658,0.4746172351058,2020.63403934427,2020.70765027323,224800000,SARS2-CoV/Belgium/Human/rega-0916977
780,259,0.1747038251,660304.657153448,658172.056996783,645511.151921017,736462.447784321,0.6493210602058,0.4746172351058,2020.63403934427,2020.80874316937,224800000,hCoV-19/Belgium/ULG-10525/2020|EPI_ISL_626327|2020-10-23|Europe
781,782,0.000172863267200007,648765.138490734,738530.004109553,648765.434589922,738524.165563361,0.416657235103,0.4164843718358,2020.575906481,2020.57607934427,224800000,NA
781,783,0.000172863267200007,648765.138490734,738530.004109553,648765.434589922,738524.165563361,0.416657235103,0.4164843718358,2020.575906481,2020.57607934427,224800000,NA
782,263,0.08785508197,648765.434589922,738524.165563361,649028.66897935,732821.14648178,0.504512317073,0.416657235103,2020.57607934427,2020.66393442624,224800000,hCoV-19/Belgium/ULG-10465/2020|EPI_ISL_581636|2020-08-31|Europe
782,262,0.07419387978,648765.434589922,738524.165563361,646719.734940172,737967.231177761,0.490851114883,0.416657235103,2020.57607934427,2020.65027322405,224800000,hCoV-19/Belgium/ULG-10448/2020|EPI_ISL_581589|2020-08-26
783,784,0.02911038169,648765.434589922,738524.165563361,648512.723920197,738142.226085802,0.445767616793,0.416657235103,2020.57607934427,2020.60518972596,224800000,NA
783,788,0.000259999999999982,648765.434589922,738524.165563361,648459.581926508,738198.462501742,0.416917235103,0.416657235103,2020.57607934427,2020.57633934427,224800000,NA
784,787,0.000533888255499992,648512.723920197,738142.226085802,648796.78925622,738207.618238208,0.4463015050485,0.445767616793,2020.60518972596,2020.60572361422,224800000,NA
784,785,0.02030961831,648512.723920197,738142.226085802,648641.773625722,738048.794478172,0.466077235103,0.445767616793,2020.60518972596,2020.62549934427,224800000,NA
785,264,0.03023836066,648641.773625722,738048.794478172,644064.182456184,731432.027170694,0.496315595763,0.466077235103,2020.62549934427,2020.65573770493,224800000,hCoV-19/Belgium/ULG-10456/2020|EPI_ISL_581580|2020-08-28|Europe
785,786,0.02137,648641.773625722,738048.794478172,648587.319198078,737991.124683766,0.487447235103,0.466077235103,2020.62549934427,2020.64686934427,224800000,NA
786,265,0.00340387978099999,648587.319198078,737991.124683766,649236.251303548,737082.378830857,0.490851114884,0.487447235103,2020.64686934427,2020.65027322405,224800000,hCoV-19/Belgium/ULG-10452/2020|EPI_ISL_581577|2020-08-26|Europe
786,266,0.00340387978099999,648587.319198078,737991.124683766,647807.342644015,747101.234282772,0.490851114884,0.487447235103,2020.64686934427,2020.65027322405,224800000,hCoV-19/Belgium/ULG-10447/2020|EPI_ISL_581623|2020-08-26|Europe
787,267,0.000833762836600027,648796.78925622,738207.618238208,648796.88759702,738313.371853266,0.4471352678851,0.4463015050485,2020.60572361422,2020.60655737705,224800000,hCoV-19/Belgium/ULG-10400/2020|EPI_ISL_540567|2020-08-10|Europe
787,268,0.02815616721,648796.78925622,738207.618238208,654000.12065822,721780.105796063,0.4744576722585,0.4463015050485,2020.60572361422,2020.63387978143,224800000,hCoV-19/Belgium/ULG-10405/2020|EPI_ISL_540572|2020-08-20|Europe
788,269,0.07939836066,648459.581926508,738198.462501742,626756.047270045,714312.470250747,0.496315595763,0.416917235103,2020.57633934427,2020.65573770493,224800000,hCoV-19/Belgium/ULG-10454/2020|EPI_ISL_581628|2020-08-28|Europe
788,789,0.0176,648459.581926508,738198.462501742,645968.548512848,759157.945122799,0.434517235103,0.416917235103,2020.57633934427,2020.59393934427,224800000,NA
789,270,0.00168907103799998,645968.548512848,759157.945122799,645981.674269815,759131.195067782,0.436206306141,0.434517235103,2020.59393934427,2020.59562841531,224800000,hCoV-19/Belgium/ULG-10372/2020|EPI_ISL_540539|2020-08-06|Europe
789,790,0.00223000000000001,645968.548512848,759157.945122799,645931.800797911,759117.80373497,0.436747235103,0.434517235103,2020.59393934427,2020.59616934427,224800000,NA
790,791,0.000730000000000008,645931.800797911,759117.80373497,647939.632423649,756869.039080455,0.437477235103,0.436747235103,2020.59616934427,2020.59689934427,224800000,NA
790,271,0.00219131147500001,645931.800797911,759117.80373497,651143.039968987,741512.927109256,0.438938546578,0.436747235103,2020.59616934427,2020.59836065575,224800000,hCoV-19/Belgium/ULG-10389/2020|EPI_ISL_540556|2020-08-07|Europe
791,792,0.02824512959,647939.632423649,756869.039080455,653080.19584052,741594.259583096,0.465722364693,0.437477235103,2020.59689934427,2020.62514447386,224800000,NA
791,272,0.001461311475,647939.632423649,756869.039080455,647957.626982421,756875.365582659,0.438938546578,0.437477235103,2020.59689934427,2020.59836065575,224800000,hCoV-19/Belgium/ULG-10366/2020|EPI_ISL_540533|2020-08-07|Europe
792,274,0.02512875019,653080.19584052,741594.259583096,640694.391863785,706853.227455196,0.490851114883,0.465722364693,2020.62514447386,2020.65027322405,224800000,hCoV-19/Belgium/ULG-10450/2020|EPI_ISL_581625|2020-08-26|Europe
792,273,0.000538586253999995,653080.19584052,741594.259583096,653069.834893965,741603.683802993,0.466260950947,0.465722364693,2020.62514447386,2020.62568306011,224800000,hCoV-19/Belgium/ULG-10625/2020|EPI_ISL_626234|2020-08-17|Europe
793,794,0.00654547375699999,698473.114469738,667563.677353076,705559.735034261,664055.192824238,0.3905872351056,0.3840417613486,2020.54346387052,2020.55000934427,224800000,NA
793,812,5.47375718001897e-06,698473.114469738,667563.677353076,698474.258368504,667564.039582824,0.38404723510578,0.3840417613486,2020.54346387052,2020.54346934427,224800000,NA
794,795,0.02076,705559.735034261,664055.192824238,640696.36256156,756115.818989828,0.4113472351056,0.3905872351056,2020.55000934427,2020.57076934427,224800000,NA
794,796,0.00190000000000001,705559.735034261,664055.192824238,614539.077655027,602362.717976467,0.3924872351056,0.3905872351056,2020.55000934427,2020.55190934427,224800000,NA
795,275,0.05491371585,640696.36256156,756115.818989828,640771.782579431,756111.357558478,0.4662609509556,0.4113472351056,2020.57076934427,2020.62568306012,224800000,hCoV-19/Belgium/ULG-10621/2020|EPI_ISL_626233|2020-08-17|Europe
795,276,0.05218147541,640696.36256156,756115.818989828,644883.528587836,729745.42766004,0.4635287105156,0.4113472351056,2020.57076934427,2020.62295081968,224800000,hCoV-19/Belgium/ULG-10623/2020|EPI_ISL_626231|2020-08-16|Europe
796,277,3.2240437580211e-06,614539.077655027,602362.717976467,705602.914104876,664085.102479649,0.392490459149358,0.3924872351056,2020.55190934427,2020.55191256832,224800000,SARS2-CoV/Belgium/Human/rega-0721838
796,797,0.02072,614539.077655027,602362.717976467,646424.889149762,737070.702305024,0.4132072351056,0.3924872351056,2020.55190934427,2020.57262934427,224800000,NA
797,798,0.00189,646424.889149762,737070.702305024,646422.817038492,737066.319572332,0.4150972351056,0.4132072351056,2020.57262934427,2020.57451934427,224800000,NA
797,801,0.00279459879499999,646424.889149762,737070.702305024,646420.58050363,737089.68269294,0.4160018339006,0.4132072351056,2020.57262934427,2020.57542394307,224800000,NA
798,800,0.00165999999999999,646422.817038492,737066.319572332,646433.75234872,737058.401716563,0.4167572351056,0.4150972351056,2020.57451934427,2020.57617934427,224800000,NA
798,799,0.00197000000000003,646422.817038492,737066.319572332,646201.058050274,738003.037340781,0.4170672351056,0.4150972351056,2020.57451934427,2020.57648934427,224800000,NA
799,279,1.33879781200053e-05,646201.058050274,738003.037340781,646200.764454022,737997.944681658,0.41708062308372,0.4170672351056,2020.57648934427,2020.57650273225,224800000,hCoV-19/Belgium/ULG-10336/2020|EPI_ISL_540503|2020-07-30|Europe
799,278,0.00547786885200002,646201.058050274,738003.037340781,710538.118541526,664983.237792552,0.4225451039576,0.4170672351056,2020.57648934427,2020.58196721313,224800000,SARS2-CoV/Belgium/Human/rega-0801798
800,280,0.04130699454,646433.75234872,737058.401716563,649125.927545318,739224.292391334,0.4580642296456,0.4167572351056,2020.57617934427,2020.61748633881,224800000,hCoV-19/Belgium/ULG-10429/2020|EPI_ISL_581607|2020-08-14|Europe
800,281,0.04950371585,646433.75234872,737058.401716563,607629.466261412,743270.027914549,0.4662609509556,0.4167572351056,2020.57617934427,2020.62568306012,224800000,hCoV-19/Belgium/ULG-10434/2020|EPI_ISL_581612|2020-08-17|Europe
801,802,0.0005454012053,646420.58050363,737089.68269294,646428.560297358,737079.327830787,0.4165472351059,0.4160018339006,2020.57542394307,2020.57596934427,224800000,NA
801,803,0.00155604466199999,646420.58050363,737089.68269294,647159.983518638,737025.549201324,0.4175578785626,0.4160018339006,2020.57542394307,2020.57697998773,224800000,NA
802,283,0.05517819672,646428.560297358,737079.327830787,633207.1514145,738829.871199728,0.4717254318259,0.4165472351059,2020.57596934427,2020.63114754099,224800000,hCoV-19/Belgium/ULG-10402/2020|EPI_ISL_540569|2020-08-19|Europe
802,282,0.02239131148,646428.560297358,737079.327830787,646063.68449455,734261.371615601,0.4389385465859,0.4165472351059,2020.57596934427,2020.59836065575,224800000,hCoV-19/Belgium/ULG-10391/2020|EPI_ISL_540558|2020-08-07|Europe
803,804,0.000919356543200023,647159.983518638,737025.549201324,647075.700756404,737088.623528948,0.4184772351058,0.4175578785626,2020.57697998773,2020.57789934427,224800000,NA
803,805,0.001399356543,647159.983518638,737025.549201324,647179.036642542,737021.62456345,0.4189572351056,0.4175578785626,2020.57697998773,2020.57837934427,224800000,NA
804,284,0.00133562841500001,647075.700756404,737088.623528948,647079.565165793,737013.205617803,0.4198128635208,0.4184772351058,2020.57789934427,2020.57923497269,224800000,hCoV-19/Belgium/ULG-10338/2020|EPI_ISL_540505|2020-07-31|Europe
804,285,0.00133562841500001,647075.700756404,737088.623528948,646981.349150638,755728.40028816,0.4198128635208,0.4184772351058,2020.57789934427,2020.57923497269,224800000,hCoV-19/Belgium/ULG-10339/2020|EPI_ISL_540506|2020-07-31|Europe
805,807,0.000240000000000018,647179.036642542,737021.62456345,647180.057623445,737021.67360191,0.4191972351056,0.4189572351056,2020.57837934427,2020.57861934427,224800000,NA
805,806,0.00905,647179.036642542,737021.62456345,710169.19442052,652389.962304324,0.4280072351056,0.4189572351056,2020.57837934427,2020.58742934427,224800000,NA
806,287,2.34972685297929e-06,710169.19442052,652389.962304324,710169.533188986,652388.542767946,0.428009584832453,0.4280072351056,2020.58742934427,2020.587431694,224800000,SARS2-CoV/Belgium/Human/rega-0803745
806,286,2.34972685297929e-06,710169.19442052,652389.962304324,712316.409214861,653765.464861372,0.428009584832453,0.4280072351056,2020.58742934427,2020.587431694,224800000,SARS2-CoV/Belgium/Human/rega-0803740
807,808,0.02086,647180.057623445,737021.67360191,648245.013986714,737168.5546644,0.4400572351056,0.4191972351056,2020.57861934427,2020.59947934427,224800000,NA
807,288,0.04706371585,647180.057623445,737021.67360191,646233.906646155,722579.564229012,0.4662609509556,0.4191972351056,2020.57861934427,2020.62568306012,224800000,hCoV-19/Belgium/ULG-10442/2020|EPI_ISL_581619|2020-08-17|Europe
808,289,0.01800699454,648245.013986714,737168.5546644,648167.291869669,737662.347512541,0.4580642296456,0.4400572351056,2020.59947934427,2020.61748633881,224800000,hCoV-19/Belgium/ULG-10430/2020|EPI_ISL_581608|2020-08-14|Europe
808,809,0.00229000000000001,648245.013986714,737168.5546644,648226.996017473,737155.362203822,0.4423472351056,0.4400572351056,2020.59947934427,2020.60176934427,224800000,NA
809,810,0.00444733035700001,648226.996017473,737155.362203822,647796.244285056,737432.350691154,0.4467945654626,0.4423472351056,2020.60176934427,2020.60621667463,224800000,NA
809,811,0.01953,648226.996017473,737155.362203822,645216.244705959,737480.801780227,0.4618772351056,0.4423472351056,2020.60176934427,2020.62129934427,224800000,NA
810,290,0.01126966418,647796.244285056,737432.350691154,647795.534237747,737038.803066703,0.4580642296426,0.4467945654626,2020.60621667463,2020.61748633881,224800000,hCoV-19/Belgium/ULG-10433/2020|EPI_ISL_581611|2020-08-14|Europe
810,291,0.000340702430299988,647796.244285056,737432.350691154,647798.745050835,737436.852683128,0.4471352678929,0.4467945654626,2020.60621667463,2020.60655737706,224800000,hCoV-19/Belgium/ULG-10393/2020|EPI_ISL_540560|2020-08-10|Europe
811,292,0.1409957377,645216.244705959,737480.801780227,679885.849612299,658016.9224255,0.6028729728056,0.4618772351056,2020.62129934427,2020.76229508197,224800000,SARS2-CoV/Belgium/Human/rega-10061046
811,293,0.00438371584699998,645216.244705959,737480.801780227,647382.974922865,736246.813393139,0.4662609509526,0.4618772351056,2020.62129934427,2020.62568306012,224800000,hCoV-19/Belgium/ULG-10437/2020|EPI_ISL_581615|2020-08-17|Europe
812,295,0.03849786885,698474.258368504,667564.039582824,708677.306659846,634166.276144966,0.42254510395578,0.38404723510578,2020.54346934427,2020.58196721312,224800000,SARS2-CoV/Belgium/Human/rega-0801793
812,294,0.008443224044,698474.258368504,667564.039582824,698627.93413148,667603.654920823,0.39249045914978,0.38404723510578,2020.54346934427,2020.55191256832,224800000,SARS2-CoV/Belgium/Human/rega-0721813
813,816,0.00219000000000003,645931.800797911,759117.80373497,709526.352225968,653948.900436617,0.3555372351016,0.3533472351016,2020.51276934427,2020.51495934427,224800000,NA
813,814,0.03822594121,645931.800797911,759117.80373497,721870.782975749,676673.208323242,0.3915731763116,0.3533472351016,2020.51276934427,2020.55099528548,224800000,NA
814,296,0.00091728283839998,721870.782975749,676673.208323242,721890.394797053,676671.931554192,0.39249045915,0.3915731763116,2020.55099528548,2020.55191256832,224800000,SARS2-CoV/Belgium/Human/rega-0721837
814,815,0.00848662338099998,721870.782975749,676673.208323242,722119.58994582,676198.000987354,0.4000597996926,0.3915731763116,2020.55099528548,2020.55948190886,224800000,NA
815,298,0.000627380768700003,722119.58994582,676198.000987354,719103.059633129,675250.667063776,0.4006871804613,0.4000597996926,2020.55948190886,2020.56010928963,224800000,hCoV-19/Belgium/ULG-10296/2020|EPI_ISL_540463|2020-07-24|Europe
815,297,0.000627380768700003,722119.58994582,676198.000987354,722359.745578641,675669.445537793,0.4006871804613,0.4000597996926,2020.55948190886,2020.56010928963,224800000,hCoV-19/Belgium/ULG-10295/2020|EPI_ISL_540462|2020-07-24|Europe
816,299,0.04241770492,709526.352225968,653948.900436617,634871.816073884,580950.488881834,0.3979549400216,0.3555372351016,2020.51495934427,2020.55737704919,224800000,hCoV-19/Belgium/ULG-10290/2020|EPI_ISL_540457|2020-07-23|Europe
816,817,0.00208999999999998,709526.352225968,653948.900436617,648226.294804611,728239.854265322,0.3576272351016,0.3555372351016,2020.51495934427,2020.51704934427,224800000,NA
817,818,0.00202531620099999,648226.294804611,728239.854265322,635132.008219853,753540.79531064,0.3596525513026,0.3576272351016,2020.51704934427,2020.51907466047,224800000,NA
817,822,0.0271899324,648226.294804611,728239.854265322,647833.157281678,730740.344908923,0.3848171675016,0.3576272351016,2020.51704934427,2020.54423927667,224800000,NA
818,300,5.10225966500188e-05,635132.008219853,753540.79531064,631364.732998066,734020.954282623,0.35970357389925,0.3596525513026,2020.51907466047,2020.51912568307,224800000,hCoV-19/Belgium/ULG-10273/2020|EPI_ISL_515080|2020-07-09|Europe
818,819,0.01370945878,635132.008219853,753540.79531064,635104.852620344,753551.822941684,0.3733620100826,0.3596525513026,2020.51907466047,2020.53278411925,224800000,NA
819,820,0.007423937223,635104.852620344,753551.822941684,646804.183377625,736798.704815632,0.3807859473056,0.3733620100826,2020.53278411925,2020.54020805647,224800000,NA
819,301,2.76600630100265e-06,635104.852620344,753551.822941684,635110.681001041,753565.636173796,0.373364776088901,0.3733620100826,2020.53278411925,2020.53278688526,224800000,hCoV-19/Belgium/ULG-10261/2020|EPI_ISL_515068|2020-07-14|Europe
820,821,0.0492574442,646804.183377625,736798.704815632,647595.830826319,737392.135396697,0.4300433915056,0.3807859473056,2020.54020805647,2020.58946550067,224800000,NA
820,302,0.000775550095000022,646804.183377625,736798.704815632,636279.54445572,716780.835418384,0.3815614974006,0.3807859473056,2020.54020805647,2020.54098360657,224800000,hCoV-19/Belgium/ULG-10249/2020|EPI_ISL_515056|2020-07-17|Europe
821,303,0.00889515507499999,647595.830826319,737392.135396697,646905.686548196,738147.537080762,0.4389385465806,0.4300433915056,2020.58946550067,2020.59836065575,224800000,hCoV-19/Belgium/ULG-10367/2020|EPI_ISL_540534|2020-08-07|Europe
821,304,0.00069843376369999,647595.830826319,737392.135396697,647617.056305645,737385.384611951,0.4307418252693,0.4300433915056,2020.58946550067,2020.59016393444,224800000,hCoV-19/Belgium/ULG-10368/2020|EPI_ISL_540535|2020-08-04|Europe
822,823,0.000780067597099976,647833.157281678,730740.344908923,647828.735429432,730750.04400688,0.3855972350987,0.3848171675016,2020.54423927667,2020.54501934427,224800000,NA
822,828,0.00266006759699999,647833.157281678,730740.344908923,647820.758286918,730755.075706901,0.3874772350986,0.3848171675016,2020.54423927667,2020.54689934427,224800000,NA
823,305,0.01235770492,647828.735429432,730750.04400688,647837.243356264,730787.656867998,0.3979549400187,0.3855972350987,2020.54501934427,2020.55737704919,224800000,hCoV-19/Belgium/ULG-10285/2020|EPI_ISL_540452|2020-07-23|Europe
823,824,0.03008630892,647828.735429432,730750.04400688,638403.669640986,703755.903753123,0.4156835440187,0.3855972350987,2020.54501934427,2020.57510565319,224800000,NA
824,825,0.000323691082699973,638403.669640986,703755.903753123,638400.535418998,703755.798531305,0.4160072351014,0.4156835440187,2020.57510565319,2020.57542934427,224800000,NA
824,306,0.01232604081,638403.669640986,703755.903753123,715742.519765032,655908.667434086,0.4280095848287,0.4156835440187,2020.57510565319,2020.587431694,224800000,SARS2-CoV/Belgium/Human/rega-0803733
825,827,0.00280999999999998,638400.535418998,703755.798531305,711399.672317993,660751.444743817,0.4188172351014,0.4160072351014,2020.57542934427,2020.57823934427,224800000,NA
825,826,0.01473,638400.535418998,703755.798531305,638344.494766764,703815.281901801,0.4307372351014,0.4160072351014,2020.57542934427,2020.59015934427,224800000,NA
826,308,0.02732699454,638344.494766764,703815.281901801,635653.012445848,717138.197500082,0.4580642296414,0.4307372351014,2020.59015934427,2020.61748633881,224800000,hCoV-19/Belgium/ULG-10421/2020|EPI_ISL_581603|2020-08-14|Europe
826,307,4.59016397902356e-06,638344.494766764,703815.281901801,638343.467856528,703813.126307492,0.430741825265379,0.4307372351014,2020.59015934427,2020.59016393443,224800000,hCoV-19/Belgium/ULG-10340/2020|EPI_ISL_540507|2020-08-04|Europe
827,309,0.00372786885199999,711399.672317993,660751.444743817,711389.731121215,660761.329496744,0.4225451039534,0.4188172351014,2020.57823934427,2020.58196721312,224800000,SARS2-CoV/Belgium/Human/rega-0801788
827,310,0.1840557377,711399.672317993,660751.444743817,665686.784486678,662725.414802288,0.6028729728014,0.4188172351014,2020.57823934427,2020.76229508197,224800000,SARS2-CoV/Belgium/Human/rega-10061010
828,876,0.004311855807,647820.758286918,730755.075706901,647735.18626254,730770.958350699,0.3917890909056,0.3874772350986,2020.54689934427,2020.55121120007,224800000,NA
828,829,0.00189,647820.758286918,730755.075706901,646422.817038492,737066.319572332,0.3893672350986,0.3874772350986,2020.54689934427,2020.54878934427,224800000,NA
829,830,0.01065,646422.817038492,737066.319572332,679162.655267928,708590.905625742,0.4000172350986,0.3893672350986,2020.54878934427,2020.55943934427,224800000,NA
829,836,0.00195000000000001,646422.817038492,737066.319572332,621616.874930933,612536.209918563,0.3913172350986,0.3893672350986,2020.54878934427,2020.55073934427,224800000,NA
830,834,8.00000000000245e-05,679162.655267928,708590.905625742,679169.906240113,708605.372381918,0.4000972350986,0.4000172350986,2020.55943934427,2020.55951934427,224800000,NA
830,831,3.99999999999845e-05,679162.655267928,708590.905625742,679164.044223183,708588.238616922,0.4000572350986,0.4000172350986,2020.55943934427,2020.55947934427,224800000,NA
831,832,0.0164102778,679164.044223183,708588.238616922,645763.874076471,723369.696640508,0.4164675128986,0.4000572350986,2020.55947934427,2020.57588962207,224800000,NA
831,833,0.000539999999999985,679164.044223183,708588.238616922,679181.775832747,708547.097240731,0.4005972350986,0.4000572350986,2020.55947934427,2020.56001934427,224800000,NA
832,312,0.00061311017479998,645763.874076471,723369.696640508,648456.056895466,730980.864004091,0.4170806230734,0.4164675128986,2020.57588962207,2020.57650273224,224800000,hCoV-19/Belgium/ULG-10330/2020|EPI_ISL_540497|2020-07-30|Europe
832,311,0.00061311017479998,645763.874076471,723369.696640508,645735.833008045,723383.608249288,0.4170806230734,0.4164675128986,2020.57588962207,2020.57650273224,224800000,hCoV-19/Belgium/ULG-10331/2020|EPI_ISL_540498|2020-07-30|Europe
833,313,0.07112819672,679181.775832747,708547.097240731,650516.200458667,740150.831764813,0.4717254318186,0.4005972350986,2020.56001934427,2020.63114754099,224800000,hCoV-19/Belgium/ULG-10401/2020|EPI_ISL_540568|2020-08-19|Europe
833,314,0.01921562842,679181.775832747,708547.097240731,723791.016634535,651915.028885839,0.4198128635186,0.4005972350986,2020.56001934427,2020.57923497269,224800000,SARS2-CoV/Belgium/Human/rega-0731785
834,315,0.1508631694,679169.906240113,708605.372381918,680137.080201169,708525.451103106,0.5509604044986,0.4000972350986,2020.55951934427,2020.71038251367,224800000,SARS2-CoV/Belgium/Human/rega-0917992
834,835,0.1502338007,679169.906240113,708605.372381918,676747.783965996,648130.261174034,0.5503310357986,0.4000972350986,2020.55951934427,2020.70975314497,224800000,NA
835,317,0.00062936866450003,676747.783965996,648130.261174034,676662.095612583,647939.333909252,0.5509604044631,0.5503310357986,2020.70975314497,2020.71038251363,224800000,SARS2-CoV/Belgium/Human/rega-0917995
835,316,0.00062936866450003,676747.783965996,648130.261174034,676535.086909789,647297.101178773,0.5509604044631,0.5503310357986,2020.70975314497,2020.71038251363,224800000,SARS2-CoV/Belgium/Human/rega-0917986
836,837,0.00191999999999998,621616.874930933,612536.209918563,704089.681059835,685670.667299031,0.3932372350986,0.3913172350986,2020.55073934427,2020.55265934427,224800000,NA
836,842,0.00539000000000001,621616.874930933,612536.209918563,647303.355140187,739839.45679464,0.3967072350986,0.3913172350986,2020.55073934427,2020.55612934427,224800000,NA
837,838,0.001903844943,704089.681059835,685670.667299031,713293.763869068,653197.573507152,0.3951410800416,0.3932372350986,2020.55265934427,2020.55456318921,224800000,NA
837,839,0.00264999999999999,704089.681059835,685670.667299031,704066.14589324,685695.98908655,0.3958872350986,0.3932372350986,2020.55265934427,2020.55530934427,224800000,NA
838,318,8.16195377599804e-05,713293.763869068,653197.573507152,713294.680422683,653197.236930071,0.39522269957936,0.3951410800416,2020.55456318921,2020.55464480875,224800000,SARS2-CoV/Belgium/Human/rega-0722803
838,319,0.05199418784,713293.763869068,653197.573507152,647994.828496659,742812.68478606,0.4471352678816,0.3951410800416,2020.55456318921,2020.60655737705,224800000,hCoV-19/Belgium/ULG-10392/2020|EPI_ISL_540559|2020-08-10|Europe
839,841,0.00120306538300002,704066.14589324,685695.98908655,705626.992555927,680930.824424206,0.3970903004816,0.3958872350986,2020.55530934427,2020.55651240965,224800000,NA
839,840,0.00126652058299997,704066.14589324,685695.98908655,704091.702107154,685602.457344503,0.3971537556816,0.3958872350986,2020.55530934427,2020.55657586485,224800000,NA
840,321,0.0008011843347,704091.702107154,685602.457344503,704104.867981147,685606.419813246,0.3979549400163,0.3971537556816,2020.55657586485,2020.55737704918,224800000,hCoV-19/Belgium/ULG-10298/2020|EPI_ISL_540465|2020-07-23|Europe
840,320,0.0008011843347,704091.702107154,685602.457344503,709212.986237445,651750.114413837,0.3979549400163,0.3971537556816,2020.55657586485,2020.55737704918,224800000,SARS2-CoV/Belgium/Human/rega-0723821
841,323,0.00086463953510002,705626.992555927,680930.824424206,698026.454275879,665953.191476768,0.3979549400167,0.3970903004816,2020.55651240965,2020.55737704918,224800000,hCoV-19/Belgium/ULG-10275/2020|EPI_ISL_540442|2020-07-23|Europe
841,322,0.00359687997199998,705626.992555927,680930.824424206,705606.187294572,680913.355533539,0.4006871804536,0.3970903004816,2020.55651240965,2020.56010928962,224800000,hCoV-19/Belgium/ULG-10297/2020|EPI_ISL_540464|2020-07-24|Europe
842,843,0.00701000000000002,647303.355140187,739839.45679464,647337.655579381,739871.766871684,0.4037172350986,0.3967072350986,2020.55612934427,2020.56313934427,224800000,NA
842,858,0.00191000000000002,647303.355140187,739839.45679464,647307.952758136,739849.136823286,0.3986172350986,0.3967072350986,2020.55612934427,2020.55803934427,224800000,NA
843,844,0.02514,647337.655579381,739871.766871684,650264.339960493,739757.193038497,0.4288572350986,0.4037172350986,2020.56313934427,2020.58827934427,224800000,NA
843,846,0.01027,647337.655579381,739871.766871684,647262.17409345,739919.33141491,0.4139872350986,0.4037172350986,2020.56313934427,2020.57340934427,224800000,NA
844,845,0.01777074446,650264.339960493,739757.193038497,648141.918696521,739397.728193779,0.4466279795586,0.4288572350986,2020.58827934427,2020.60605008873,224800000,NA
844,324,0.001884590164,650264.339960493,739757.193038497,650217.85767815,739739.732426551,0.4307418252626,0.4288572350986,2020.58827934427,2020.59016393443,224800000,hCoV-19/Belgium/ULG-10369/2020|EPI_ISL_540536|2020-08-04|Europe
845,325,0.02509745227,648141.918696521,739397.728193779,647555.611333432,740792.614848434,0.4717254318286,0.4466279795586,2020.60605008873,2020.631147541,224800000,hCoV-19/Belgium/ULG-10403/2020|EPI_ISL_540570|2020-08-19|Europe
845,326,0.000507288331299982,648141.918696521,739397.728193779,648136.840026019,739398.475780882,0.4471352678899,0.4466279795586,2020.60605008873,2020.60655737706,224800000,hCoV-19/Belgium/ULG-10395/2020|EPI_ISL_540562|2020-08-10|Europe
846,847,0.00052000000000002,647262.17409345,739919.33141491,647288.306493274,739955.552155805,0.4145072350986,0.4139872350986,2020.57340934427,2020.57392934427,224800000,NA
846,848,0.00186999999999998,647262.17409345,739919.33141491,647281.106148556,739852.14880509,0.4158572350986,0.4139872350986,2020.57340934427,2020.57527934427,224800000,NA
847,327,0.02169907104,647288.306493274,739955.552155805,651809.016699321,739567.843141881,0.4362063061386,0.4145072350986,2020.57392934427,2020.59562841531,224800000,hCoV-19/Belgium/ULG-10373/2020|EPI_ISL_540540|2020-08-06|Europe
847,328,0.02169907104,647288.306493274,739955.552155805,648755.109138126,736362.290950386,0.4362063061386,0.4145072350986,2020.57392934427,2020.59562841531,224800000,hCoV-19/Belgium/ULG-10359/2020|EPI_ISL_540526|2020-08-06|Europe
848,849,0.00294655676799999,647281.106148556,739852.14880509,646824.507051142,737238.839313039,0.4188037918666,0.4158572350986,2020.57527934427,2020.57822590103,224800000,NA
848,852,0.00151644387200001,647281.106148556,739852.14880509,709491.820820759,657261.066600046,0.4173736789706,0.4158572350986,2020.57527934427,2020.57679578814,224800000,NA
849,850,0.000873443231899973,646824.507051142,737238.839313039,646860.662967297,737250.345319368,0.4196772350985,0.4188037918666,2020.57822590103,2020.57909934427,224800000,NA
849,851,0.000463443231900007,646824.507051142,737238.839313039,646829.099656176,737230.872749731,0.4192672350985,0.4188037918666,2020.57822590103,2020.57868934427,224800000,NA
850,329,0.09029956284,646860.662967297,737250.345319368,644465.978596475,737906.728677011,0.5099767979385,0.4196772350985,2020.57909934427,2020.66939890711,224800000,hCoV-19/Belgium/ULG-10610/2020|EPI_ISL_626245|2020-09-02|Europe
850,330,0.04658371585,646860.662967297,737250.345319368,646936.274386009,737293.461233156,0.4662609509485,0.4196772350985,2020.57909934427,2020.62568306012,224800000,hCoV-19/Belgium/ULG-10431/2020|EPI_ISL_581609|2020-08-17|Europe
851,331,0.2956275956,646829.099656176,737230.872749731,643683.809836372,733742.69652071,0.7148948306985,0.4192672350985,2020.57868934427,2020.87431693987,224800000,hCoV-19/Belgium/ULG-10785/2020|EPI_ISL_661221|2020-11-16|Europe
851,332,0.03879699454,646829.099656176,737230.872749731,651075.895214083,739080.260543547,0.4580642296385,0.4192672350985,2020.57868934427,2020.61748633881,224800000,hCoV-19/Belgium/ULG-10417/2020|EPI_ISL_581599|2020-08-14|Europe
852,853,0.000363556128199993,709491.820820759,657261.066600046,709483.859966803,657262.796927675,0.4177372350988,0.4173736789706,2020.57679578814,2020.57715934427,224800000,NA
852,854,0.00196094041299999,709491.820820759,657261.066600046,640248.203250006,737026.044480182,0.4193346193836,0.4173736789706,2020.57679578814,2020.57875672855,224800000,NA
853,333,0.00207562841499997,709483.859966803,657262.796927675,709467.925882405,657167.17331993,0.4198128635138,0.4177372350988,2020.57715934427,2020.57923497268,224800000,SARS2-CoV/Belgium/Human/rega-0731779
853,334,0.01027234973,709483.859966803,657262.796927675,707535.299454255,652226.346750621,0.4280095848288,0.4177372350988,2020.57715934427,2020.587431694,224800000,SARS2-CoV/Belgium/Human/rega-0803746
854,855,0.00018261571549999,640248.203250006,737026.044480182,640243.603182293,737025.789329271,0.4195172350991,0.4193346193836,2020.57875672855,2020.57893934427,224800000,NA
854,335,0.07698097637,640248.203250006,737026.044480182,637318.980501753,733151.534329435,0.4963155957536,0.4193346193836,2020.57875672855,2020.65573770492,224800000,hCoV-19/Belgium/ULG-10458/2020|EPI_ISL_581631|2020-08-28|Europe
855,857,0.01122,640243.603182293,737025.789329271,642937.008886272,734839.278234091,0.4307372350991,0.4195172350991,2020.57893934427,2020.59015934427,224800000,NA
855,856,0.01122,640243.603182293,737025.789329271,642937.008886272,734839.278234091,0.4307372350991,0.4195172350991,2020.57893934427,2020.59015934427,224800000,NA
856,336,4.59016397902356e-06,642937.008886272,734839.278234091,642937.478332352,734839.373557056,0.430741825263079,0.4307372350991,2020.59015934427,2020.59016393443,224800000,hCoV-19/Belgium/ULG-10350/2020|EPI_ISL_540517|2020-08-04|Europe
856,337,0.02732699454,642937.008886272,734839.278234091,652413.373265437,737101.899412624,0.4580642296391,0.4307372350991,2020.59015934427,2020.61748633881,224800000,hCoV-19/Belgium/ULG-10415/2020|EPI_ISL_581597|2020-08-14|Europe
857,339,4.59016397902356e-06,642937.008886272,734839.278234091,640175.622341046,736883.735405622,0.430741825263079,0.4307372350991,2020.59015934427,2020.59016393443,224800000,hCoV-19/Belgium/ULG-10354/2020|EPI_ISL_540521|2020-08-04|Europe
857,338,4.59016397902356e-06,642937.008886272,734839.278234091,646618.360752043,724570.597679778,0.430741825263079,0.4307372350991,2020.59015934427,2020.59016393443,224800000,hCoV-19/Belgium/ULG-10353/2020|EPI_ISL_540520|2020-08-04|Europe
858,860,0.01178,647307.952758136,739849.136823286,647427.376664364,739838.758868607,0.4103972350986,0.3986172350986,2020.55803934427,2020.56981934427,224800000,NA
858,859,0.00119231687999999,647307.952758136,739849.136823286,708843.161892911,667956.172610465,0.3998095519786,0.3986172350986,2020.55803934427,2020.55923166115,224800000,NA
859,341,0.000877628475499992,708843.161892911,667956.172610465,708864.838960431,667957.759511766,0.4006871804541,0.3998095519786,2020.55923166115,2020.56010928962,224800000,hCoV-19/Belgium/ULG-10280/2020|EPI_ISL_540447|2020-07-24|Europe
859,340,0.000877628475499992,708843.161892911,667956.172610465,646069.154609436,740075.647543252,0.4006871804541,0.3998095519786,2020.55923166115,2020.56010928962,224800000,hCoV-19/Belgium/ULG-10307/2020|EPI_ISL_540474|2020-07-24|Europe
860,866,0.00606000000000001,647427.376664364,739838.758868607,647552.710683251,739813.77739389,0.4164572350986,0.4103972350986,2020.56981934427,2020.57587934427,224800000,NA
860,861,0.00205,647427.376664364,739838.758868607,647427.487098993,739834.558147458,0.4124472350986,0.4103972350986,2020.56981934427,2020.57186934427,224800000,NA
861,862,0.00190000000000001,647427.487098993,739834.558147458,614539.077655027,602362.717976467,0.4143472350986,0.4124472350986,2020.57186934427,2020.57376934427,224800000,NA
861,863,0.00561,647427.487098993,739834.558147458,696949.080481473,687612.499586725,0.4180572350986,0.4124472350986,2020.57186934427,2020.57747934427,224800000,NA
862,342,0.00273338797799999,614539.077655027,602362.717976467,646275.440823628,740174.694658873,0.4170806230766,0.4143472350986,2020.57376934427,2020.57650273224,224800000,hCoV-19/Belgium/ULG-10334/2020|EPI_ISL_540501|2020-07-30|Europe
862,343,1.14754099500569e-06,614539.077655027,602362.717976467,623957.525944348,741840.753661884,0.414348382639595,0.4143472350986,2020.57376934427,2020.57377049181,224800000,hCoV-19/Belgium/ULG-10323/2020|EPI_ISL_540490|2020-07-29|Europe
863,865,0.001,696949.080481473,687612.499586725,696890.366447728,687682.398405255,0.4190572350986,0.4180572350986,2020.57747934427,2020.57847934427,224800000,NA
863,864,0.001,696949.080481473,687612.499586725,696890.366447728,687682.398405255,0.4190572350986,0.4180572350986,2020.57747934427,2020.57847934427,224800000,NA
864,345,0.00348786885199998,696890.366447728,687682.398405255,704846.872090522,711378.780639122,0.4225451039506,0.4190572350986,2020.57847934427,2020.58196721312,224800000,SARS2-CoV/Belgium/Human/rega-0801784
864,344,0.00348786885199998,696890.366447728,687682.398405255,702912.708491649,662660.17617365,0.4225451039506,0.4190572350986,2020.57847934427,2020.58196721312,224800000,SARS2-CoV/Belgium/Human/rega-0801796
865,347,0.00622010928900002,696890.366447728,687682.398405255,719674.515077898,652421.254196589,0.4252773443876,0.4190572350986,2020.57847934427,2020.58469945356,224800000,SARS2-CoV/Belgium/Human/rega-0802750
865,346,0.00348786885199998,696890.366447728,687682.398405255,696980.915017896,687621.236374747,0.4225451039506,0.4190572350986,2020.57847934427,2020.58196721312,224800000,SARS2-CoV/Belgium/Human/rega-0801795
866,867,0.000120000000000009,647552.710683251,739813.77739389,647557.81603981,739811.142959404,0.4165772350986,0.4164572350986,2020.57587934427,2020.57599934427,224800000,NA
866,871,0.05656,647552.710683251,739813.77739389,673617.811256261,673893.201945427,0.4730172350986,0.4164572350986,2020.57587934427,2020.63243934427,224800000,NA
867,348,0.01962907104,647557.81603981,739811.142959404,647633.410828759,740542.120863629,0.4362063061386,0.4165772350986,2020.57599934427,2020.59562841531,224800000,hCoV-19/Belgium/ULG-10358/2020|EPI_ISL_540525|2020-08-06|Europe
867,868,0.01738,647557.81603981,739811.142959404,647571.545047635,739698.300596103,0.4339572350986,0.4165772350986,2020.57599934427,2020.59337934427,224800000,NA
868,869,0.0015,647571.545047635,739698.300596103,647561.065920272,739692.243426451,0.4354572350986,0.4339572350986,2020.59337934427,2020.59487934427,224800000,NA
868,870,0.00193258179700001,647571.545047635,739698.300596103,647866.313396847,737659.445738062,0.4358898168956,0.4339572350986,2020.59337934427,2020.59531192606,224800000,NA
869,349,0.000749071038199989,647561.065920272,739692.243426451,647587.650807962,739707.623171156,0.4362063061368,0.4354572350986,2020.59487934427,2020.5956284153,224800000,hCoV-19/Belgium/ULG-10356/2020|EPI_ISL_540523|2020-08-06|Europe
869,350,0.00348131147500003,647561.065920272,739692.243426451,648536.008821303,736695.543348775,0.4389385465736,0.4354572350986,2020.59487934427,2020.59836065574,224800000,hCoV-19/Belgium/ULG-10384/2020|EPI_ISL_540551|2020-08-07|Europe
870,351,0.000316489241599993,647866.313396847,737659.445738062,647881.029739187,737655.027787103,0.4362063061372,0.4358898168956,2020.59531192606,2020.59562841531,224800000,hCoV-19/Belgium/ULG-10363/2020|EPI_ISL_540530|2020-08-06|Europe
870,352,0.01124545099,647866.313396847,737659.445738062,651562.293552007,737716.867950899,0.4471352678856,0.4358898168956,2020.59531192606,2020.60655737705,224800000,hCoV-19/Belgium/ULG-10398/2020|EPI_ISL_540565|2020-08-10|Europe
871,872,0.03910687962,673617.811256261,673893.201945427,677994.484905311,673940.750322374,0.5121241147186,0.4730172350986,2020.63243934427,2020.67154622389,224800000,NA
871,353,0.0588174863399999,673617.811256261,673893.201945427,673642.937889748,673850.648409514,0.5318347214386,0.4730172350986,2020.63243934427,2020.69125683061,224800000,SARS2-CoV/Belgium/Human/rega-0910935
872,874,0.000303120381299982,677994.484905311,673940.750322374,677997.051473328,673937.619565853,0.5124272350999,0.5121241147186,2020.67154622389,2020.67184934427,224800000,NA
872,873,0.000303120381299982,677994.484905311,673940.750322374,677997.051473328,673937.619565853,0.5124272350999,0.5121241147186,2020.67154622389,2020.67184934427,224800000,NA
873,354,0.0166752459,677997.051473328,673937.619565853,684188.430607892,671244.288551551,0.5291024809999,0.5124272350999,2020.67184934427,2020.68852459017,224800000,SARS2-CoV/Belgium/Human/rega-0909929
873,355,0.1450905464,677997.051473328,673937.619565853,621921.444599992,714082.55402802,0.6575177814999,0.5124272350999,2020.67184934427,2020.81693989067,224800000,hCoV-19/Belgium/ULG-10695/2020|EPI_ISL_636667|2020-10-26|Europe
874,875,0.02447373136,677997.051473328,673937.619565853,677988.064765977,673931.271049298,0.5369009664599,0.5124272350999,2020.67184934427,2020.69632307563,224800000,NA
874,358,0.0385331694,677997.051473328,673937.619565853,674772.824146161,655945.3387609,0.5509604044999,0.5124272350999,2020.67184934427,2020.71038251367,224800000,SARS2-CoV/Belgium/Human/rega-0917994
875,356,0.000398235857899998,677988.064765977,673931.271049298,680683.800847093,675423.037644401,0.5372992023178,0.5369009664599,2020.69632307563,2020.69672131149,224800000,SARS2-CoV/Belgium/Human/rega-0911937
875,357,0.01405943804,677988.064765977,673931.271049298,677949.504387619,673935.063506962,0.5509604044999,0.5369009664599,2020.69632307563,2020.71038251367,224800000,SARS2-CoV/Belgium/Human/rega-0917990
876,877,0.000688144192899975,647735.18626254,730770.958350699,647732.035101573,730790.997214013,0.3924772350985,0.3917890909056,2020.55121120007,2020.55189934427,224800000,NA
876,882,0.000436303824799977,647735.18626254,730770.958350699,647691.373513431,730771.331835436,0.3922253947304,0.3917890909056,2020.55121120007,2020.5516475039,224800000,NA
877,878,0.02393,647732.035101573,730790.997214013,691550.692387504,675853.982893834,0.4164072350985,0.3924772350985,2020.55189934427,2020.57582934427,224800000,NA
877,879,0.01620637752,647732.035101573,730790.997214013,637932.183742116,720414.565833481,0.4086836126185,0.3924772350985,2020.55189934427,2020.56810572179,224800000,NA
878,359,0.01160234973,691550.692387504,675853.982893834,715122.588980959,655834.542040567,0.4280095848285,0.4164072350985,2020.57582934427,2020.587431694,224800000,SARS2-CoV/Belgium/Human/rega-0803721
878,360,0.01433459016,691550.692387504,675853.982893834,691521.992836955,675891.560887004,0.4307418252585,0.4164072350985,2020.57582934427,2020.59016393443,224800000,SARS2-CoV/Belgium/Human/rega-0803741
879,880,0.009833622481,637932.183742116,720414.565833481,637849.790130612,720260.310696618,0.4185172350995,0.4086836126185,2020.56810572179,2020.57793934427,224800000,NA
879,361,0.000200289147699984,637932.183742116,720414.565833481,637936.648677528,720415.739332728,0.4088839017662,0.4086836126185,2020.56810572179,2020.56830601093,224800000,hCoV-19/Belgium/ULG-10317/2020|EPI_ISL_540484|2020-07-27|Europe
880,881,0.1343327572,637849.790130612,720260.310696618,644640.637494615,737807.428750821,0.5528499922995,0.4185172350995,2020.57793934427,2020.71227210147,224800000,NA
880,362,0.02042131148,637849.790130612,720260.310696618,649265.49514426,740925.354454824,0.4389385465795,0.4185172350995,2020.57793934427,2020.59836065575,224800000,hCoV-19/Belgium/ULG-10377/2020|EPI_ISL_540544|2020-08-07|Europe
881,364,0.09647106791,644640.637494615,737807.428750821,646021.805871924,739444.605750818,0.6493210602095,0.5528499922995,2020.71227210147,2020.80874316938,224800000,hCoV-19/Belgium/ULG-10533/2020|EPI_ISL_626325|2020-10-23|Europe
881,363,0.000842652606099947,644640.637494615,737807.428750821,644654.019405803,737831.888152064,0.5536926449056,0.5528499922995,2020.71227210147,2020.71311475407,224800000,hCoV-19/Belgium/ULG-10763/2020|EPI_ISL_641605|2020-09-18|Europe
882,365,0.01665850703,647691.373513431,730771.331835436,647496.464911198,742056.590234152,0.4088839017604,0.3922253947304,2020.5516475039,2020.56830601093,224800000,hCoV-19/Belgium/ULG-10311/2020|EPI_ISL_540478|2020-07-27|Europe
882,883,0.000251840368000023,647691.373513431,730771.331835436,647681.165936157,730767.499225846,0.3924772350984,0.3922253947304,2020.5516475039,2020.55189934427,224800000,NA
883,884,0.01928,647681.165936157,730767.499225846,712362.045478018,659801.664922552,0.4117572350984,0.3924772350984,2020.55189934427,2020.57117934427,224800000,NA
883,892,0.04057,647681.165936157,730767.499225846,643637.83400005,730132.712067866,0.4330472350984,0.3924772350984,2020.55189934427,2020.59246934427,224800000,NA
884,885,0.01576126258,712362.045478018,659801.664922552,709367.169656784,657041.759749762,0.4275184976784,0.4117572350984,2020.57117934427,2020.58694060685,224800000,NA
884,887,0.00609999999999999,712362.045478018,659801.664922552,712339.120110055,659795.905360196,0.4178572350984,0.4117572350984,2020.57117934427,2020.57727934427,224800000,NA
885,366,0.000491087145599978,709367.169656784,657041.759749762,709366.090114525,657048.892943058,0.428009584824,0.4275184976784,2020.58694060685,2020.58743169399,224800000,SARS2-CoV/Belgium/Human/rega-0803759
885,886,0.000488737418800012,709367.169656784,657041.759749762,709194.388349161,653660.842565211,0.4280072350972,0.4275184976784,2020.58694060685,2020.58742934427,224800000,NA
886,368,2.34972685297929e-06,709194.388349161,653660.842565211,718847.576766703,654727.306569793,0.428009584824053,0.4280072350972,2020.58742934427,2020.58743169399,224800000,SARS2-CoV/Belgium/Human/rega-0803723
886,367,2.34972685297929e-06,709194.388349161,653660.842565211,709195.099767702,653660.05584014,0.428009584824053,0.4280072350972,2020.58742934427,2020.58743169399,224800000,SARS2-CoV/Belgium/Human/rega-0803732
887,888,0.12953,712339.120110055,659795.905360196,660322.150189589,662774.988860437,0.5473872350984,0.4178572350984,2020.57727934427,2020.70680934427,224800000,NA
887,889,0.00189,712339.120110055,659795.905360196,646422.817038492,737066.319572332,0.4197472350984,0.4178572350984,2020.57727934427,2020.57916934427,224800000,NA
888,369,0.1675075956,660322.150189589,662774.988860437,646205.995540377,737500.609461559,0.7148948306984,0.5473872350984,2020.70680934427,2020.87431693987,224800000,hCoV-19/Belgium/ULG-10788/2020|EPI_ISL_661223|2020-11-16|Europe
888,370,0.000840928961799992,660322.150189589,662774.988860437,660315.59734377,662679.356290547,0.5482281640602,0.5473872350984,2020.70680934427,2020.70765027323,224800000,SARS2-CoV/Belgium/Human/rega-0916970
889,891,0.01099,646422.817038492,737066.319572332,712398.349175586,659995.991265281,0.4307372350984,0.4197472350984,2020.57916934427,2020.59015934427,224800000,NA
889,890,0.000240000000000018,646422.817038492,737066.319572332,647180.057623445,737021.67360191,0.4199872350984,0.4197472350984,2020.57916934427,2020.57940934427,224800000,NA
890,371,0.00529010928899998,647180.057623445,737021.67360191,709019.515306078,587735.970023925,0.4252773443874,0.4199872350984,2020.57940934427,2020.58469945356,224800000,SARS2-CoV/Belgium/Human/rega-0802775
890,372,0.00255786885199999,647180.057623445,737021.67360191,709328.904392067,658474.760848071,0.4225451039504,0.4199872350984,2020.57940934427,2020.58196721312,224800000,SARS2-CoV/Belgium/Human/rega-0801768
891,374,0.03825595628,712398.349175586,659995.991265281,643335.01420383,754687.058626264,0.4689931913784,0.4307372350984,2020.59015934427,2020.62841530055,224800000,hCoV-19/Belgium/ULG-10620/2020|EPI_ISL_626235|2020-08-18|Europe
891,373,4.59016397902356e-06,712398.349175586,659995.991265281,712395.795845479,659983.308836735,0.430741825262379,0.4307372350984,2020.59015934427,2020.59016393443,224800000,SARS2-CoV/Belgium/Human/rega-0804728
892,893,0.01621532636,643637.83400005,730132.712067866,643779.492580588,730335.801410302,0.4492625614584,0.4330472350984,2020.59246934427,2020.60868467063,224800000,NA
892,375,0.2818475956,643637.83400005,730132.712067866,631939.240524811,740753.311865282,0.7148948306984,0.4330472350984,2020.59246934427,2020.87431693987,224800000,hCoV-19/Belgium/ULG-10794/2020|EPI_ISL_661228|2020-11-16|Europe
893,899,0.000147015511899995,643779.492580588,730335.801410302,643769.037638479,730330.818615805,0.4494095769703,0.4492625614584,2020.60868467063,2020.60883168614,224800000,NA
893,894,0.00045467363770002,643779.492580588,730335.801410302,643874.534431059,730264.549022052,0.4497172350961,0.4492625614584,2020.60868467063,2020.60913934426,224800000,NA
894,896,0.19105,643874.534431059,730264.549022052,644160.454707548,733198.837163383,0.6407672350961,0.4497172350961,2020.60913934426,2020.80018934426,224800000,NA
894,895,0.04648111127,643874.534431059,730264.549022052,649167.85114897,695347.113266311,0.4961983463661,0.4497172350961,2020.60913934426,2020.65562045553,224800000,NA
895,376,0.000117249389499974,649167.85114897,695347.113266311,649180.027881509,695358.35468101,0.4963155957556,0.4961983463661,2020.65562045553,2020.65573770492,224800000,hCoV-19/Belgium/ULG-10455/2020|EPI_ISL_581629|2020-08-28|Europe
895,377,0.00831397070099998,649167.85114897,695347.113266311,654131.552107713,698998.294915178,0.5045123170671,0.4961983463661,2020.65562045553,2020.66393442624,224800000,hCoV-19/Belgium/ULG-10462/2020|EPI_ISL_581633|2020-08-31|Europe
896,378,0.01675054645,644160.454707548,733198.837163383,653726.039262383,739836.28636558,0.6575177815461,0.6407672350961,2020.80018934426,2020.81693989071,224800000,hCoV-19/Belgium/ULG-10646/2020|EPI_ISL_636624|2020-10-26|Europe
896,897,0.00514999999999999,644160.454707548,733198.837163383,644150.052375309,733185.435471541,0.6459172350961,0.6407672350961,2020.80018934426,2020.80533934426,224800000,NA
897,379,0.00340382513699999,644150.052375309,733185.435471541,644161.080596149,733181.749449803,0.6493210602331,0.6459172350961,2020.80533934426,2020.8087431694,224800000,hCoV-19/Belgium/ULG-10569/2020|EPI_ISL_626280|2020-10-23|Europe
897,898,0.00139,644150.052375309,733185.435471541,644152.556325136,733173.740367113,0.6473072350961,0.6459172350961,2020.80533934426,2020.80672934426,224800000,NA
898,381,0.07031983607,644152.556325136,733173.740367113,655179.746926746,739414.325669483,0.7176270711661,0.6473072350961,2020.80672934426,2020.87704918033,224800000,hCoV-19/Belgium/ULG-10806/2020|EPI_ISL_661233|2020-11-17|Europe
898,380,0.01021054645,644152.556325136,733173.740367113,642976.103408968,725048.327990787,0.6575177815461,0.6473072350961,2020.80672934426,2020.81693989071,224800000,hCoV-19/Belgium/ULG-10659/2020|EPI_ISL_636636|2020-10-26|Europe
899,900,0.02225765813,643769.037638479,730330.818615805,644391.953376018,731016.315329862,0.4716672351003,0.4494095769703,2020.60883168614,2020.63108934427,224800000,NA
899,1025,0.000307658125800025,643769.037638479,730330.818615805,643776.766626273,730330.484091056,0.4497172350961,0.4494095769703,2020.60883168614,2020.60913934426,224800000,NA
900,382,0.04377404372,644391.953376018,731016.315329862,632588.985098579,704835.597316132,0.5154412788203,0.4716672351003,2020.63108934427,2020.67486338799,224800000,hCoV-19/Belgium/ULG-10609/2020|EPI_ISL_626246|2020-09-04|Europe
900,901,0.00139,644391.953376018,731016.315329862,644152.556325136,733173.740367113,0.4730572351003,0.4716672351003,2020.63108934427,2020.63247934427,224800000,NA
901,912,0.03691847243,644152.556325136,733173.740367113,644764.059193842,730872.733534531,0.5099757075303,0.4730572351003,2020.63247934427,2020.6693978167,224800000,NA
901,902,0.00365808519999999,644152.556325136,733173.740367113,644485.916392126,731081.376746142,0.4767153203003,0.4730572351003,2020.63247934427,2020.63613742947,224800000,NA
902,903,0.0233119148,644485.916392126,731081.376746142,667151.931299653,730669.910915516,0.5000272351003,0.4767153203003,2020.63613742947,2020.65944934427,224800000,NA
902,383,0.0004745923958,644485.916392126,731081.376746142,650971.806130505,745961.415146144,0.4771899126961,0.4767153203003,2020.63613742947,2020.63661202186,224800000,hCoV-19/Belgium/ULG-10407/2020|EPI_ISL_540574|2020-08-21|Europe
903,904,0.1430123696,667151.931299653,730669.910915516,668666.119874252,730893.862750406,0.6430396047003,0.5000272351003,2020.65944934427,2020.80246171387,224800000,NA
903,908,0.00224000000000002,667151.931299653,730669.910915516,627846.271573461,693274.70239223,0.5022672351003,0.5000272351003,2020.65944934427,2020.66168934427,224800000,NA
904,905,0.00267665485799995,668666.119874252,730893.862750406,647143.240507771,739887.50623899,0.6457162595583,0.6430396047003,2020.80246171387,2020.80513836873,224800000,NA
904,907,0.000657630380500041,668666.119874252,730893.862750406,648790.70180056,700491.476745564,0.6436972350808,0.6430396047003,2020.80246171387,2020.80311934425,224800000,NA
905,906,0.000870975522599959,647143.240507771,739887.50623899,630696.560815772,694550.330030149,0.6465872350809,0.6457162595583,2020.80513836873,2020.80600934425,224800000,NA
905,384,0.00360480065900004,647143.240507771,739887.50623899,647115.064764228,739919.792198806,0.6493210602173,0.6457162595583,2020.80513836873,2020.80874316939,224800000,hCoV-19/Belgium/ULG-10540/2020|EPI_ISL_626286|2020-10-23|Europe
906,386,0.01093054645,630696.560815772,694550.330030149,630783.929354748,694772.827457582,0.6575177815309,0.6465872350809,2020.80600934425,2020.8169398907,224800000,hCoV-19/Belgium/ULG-10692/2020|EPI_ISL_636664|2020-10-26|Europe
906,385,0.01093054645,630696.560815772,694550.330030149,644552.652526288,728284.013269973,0.6575177815309,0.6465872350809,2020.80600934425,2020.8169398907,224800000,hCoV-19/Belgium/ULG-10645/2020|EPI_ISL_636623|2020-10-26|Europe
907,387,0.06300087432,648790.70180056,700491.476745564,649665.209083468,701614.722097229,0.7066981094008,0.6436972350808,2020.80311934425,2020.86612021857,224800000,hCoV-19/Belgium/ULG-10833/2020|EPI_ISL_661250|2020-11-13|Europe
907,388,0.06300087432,648790.70180056,700491.476745564,648723.861276249,700459.431018451,0.7066981094008,0.6436972350808,2020.80311934425,2020.86612021857,224800000,hCoV-19/Belgium/ULG-10825/2020|EPI_ISL_661246|2020-11-13|Europe
908,910,0.00166639607399999,627846.271573461,693274.70239223,660386.620317368,572082.634324973,0.5039336311743,0.5022672351003,2020.66168934427,2020.66335574034,224800000,NA
908,909,0.00220238065599998,627846.271573461,693274.70239223,627864.358772974,693277.271792443,0.5044696157563,0.5022672351003,2020.66168934427,2020.66389172492,224800000,NA
909,389,4.27013117899611e-05,627864.358772974,693277.271792443,627880.594718301,693259.717190317,0.50451231706809,0.5044696157563,2020.66389172492,2020.66393442624,224800000,hCoV-19/Belgium/ULG-10602/2020|EPI_ISL_626239|2020-08-31|Europe
909,390,4.27013117899611e-05,627864.358772974,693277.271792443,619205.489217174,715327.353980694,0.50451231706809,0.5044696157563,2020.66389172492,2020.66393442624,224800000,hCoV-19/Belgium/ULG-10463/2020|EPI_ISL_581634|2020-08-31|Europe
910,911,0.01420542776,660386.620317368,572082.634324973,646318.719196389,739359.181255976,0.5181390589343,0.5039336311743,2020.66335574034,2020.6775611681,224800000,NA
910,391,0.000578685892899999,660386.620317368,572082.634324973,660385.772866014,572086.220524724,0.5045123170672,0.5039336311743,2020.66335574034,2020.66393442624,224800000,hCoV-19/Belgium/ULG-10618/2020|EPI_ISL_626241|2020-08-31|Europe
911,392,0.02735686469,646318.719196389,739359.181255976,622780.743628145,727964.749738206,0.5454959236243,0.5181390589343,2020.6775611681,2020.70491803279,224800000,hCoV-19/Belgium/ULG-10728/2020|EPI_ISL_641570|2020-09-15|Europe
911,393,3.44603169699642e-05,646318.719196389,739359.181255976,646322.900647034,739357.434554871,0.51817351925127,0.5181390589343,2020.6775611681,2020.67759562842,224800000,hCoV-19/Belgium/ULG-10619/2020|EPI_ISL_626252|2020-09-05|Europe
912,913,0.01810078457,644764.059193842,730872.733534531,645153.062395315,730881.861042576,0.5280764921003,0.5099757075303,2020.6693978167,2020.68749860127,224800000,NA
912,986,0.000221527571899971,644764.059193842,730872.733534531,644843.155485543,730879.684201001,0.5101972351022,0.5099757075303,2020.6693978167,2020.66961934427,224800000,NA
913,914,0.00030594190300004,645153.062395315,730881.861042576,645149.799964708,730881.771127034,0.5283824340033,0.5280764921003,2020.68749860127,2020.68780454317,224800000,NA
913,934,7.11356545799458e-05,645153.062395315,730881.861042576,645154.137564897,730882.532256581,0.52814762775488,0.5280764921003,2020.68749860127,2020.68756973692,224800000,NA
914,915,0.000614801099000029,645149.799964708,730881.771127034,643943.782403866,738386.038305067,0.5289972351023,0.5283824340033,2020.68780454317,2020.68841934427,224800000,NA
914,921,0.000614801099000029,645149.799964708,730881.771127034,643943.782403866,738386.038305067,0.5289972351023,0.5283824340033,2020.68780454317,2020.68841934427,224800000,NA
915,394,0.1858975956,643943.782403866,738386.038305067,638358.825617657,747089.781869254,0.7148948307023,0.5289972351023,2020.68841934427,2020.87431693987,224800000,hCoV-19/Belgium/ULG-10791/2020|EPI_ISL_661226|2020-11-16|Europe
915,916,0.02757,643943.782403866,738386.038305067,643956.127026073,738376.389938473,0.5565672351023,0.5289972351023,2020.68841934427,2020.71598934427,224800000,NA
916,918,0.02650701774,643956.127026073,738376.389938473,644053.000771521,738413.643430519,0.5830742528423,0.5565672351023,2020.71598934427,2020.74249636201,224800000,NA
916,917,0.00202000000000002,643956.127026073,738376.389938473,627078.40782046,619359.866289566,0.5585872351023,0.5565672351023,2020.71598934427,2020.71800934427,224800000,NA
917,395,0.0907338251399999,627078.40782046,619359.866289566,632806.175524479,730023.237499028,0.6493210602423,0.5585872351023,2020.71800934427,2020.80874316941,224800000,hCoV-19/Belgium/ULG-10526/2020|EPI_ISL_626301|2020-10-23|Europe
917,396,0.000569890710300003,627078.40782046,619359.866289566,636950.61892193,717548.151990897,0.5591571258126,0.5585872351023,2020.71800934427,2020.71857923498,224800000,hCoV-19/Belgium/ULG-10758/2020|EPI_ISL_641600|2020-09-20|Europe
918,920,0.000342982262599989,644053.000771521,738413.643430519,643976.621169008,738728.186294843,0.5834172351049,0.5830742528423,2020.74249636201,2020.74283934427,224800000,NA
918,919,0.01652298226,644053.000771521,738413.643430519,643402.420551767,759664.158784884,0.5995972351023,0.5830742528423,2020.74249636201,2020.75901934427,224800000,NA
919,398,0.04972382514,643402.420551767,759664.158784884,642371.572794998,745515.406791732,0.6493210602423,0.5995972351023,2020.75901934427,2020.80874316941,224800000,hCoV-19/Belgium/ULG-10577/2020|EPI_ISL_626333|2020-10-23|Europe
919,397,0.05792054645,643402.420551767,759664.158784884,643286.16669887,760481.744420087,0.6575177815523,0.5995972351023,2020.75901934427,2020.81693989072,224800000,hCoV-19/Belgium/ULG-10711/2020|EPI_ISL_636682|2020-10-26|Europe
920,399,0.1314775956,643976.621169008,738728.186294843,622881.664455067,743472.324069747,0.7148948307049,0.5834172351049,2020.74283934427,2020.87431693987,224800000,hCoV-19/Belgium/ULG-10789/2020|EPI_ISL_661224|2020-11-16|Europe
920,400,0.07136830601,643976.621169008,738728.186294843,644044.531627323,737822.53450994,0.6547855411149,0.5834172351049,2020.74283934427,2020.81420765028,224800000,hCoV-19/Belgium/ULG-10637/2020|EPI_ISL_636615|2020-10-25|Europe
921,922,0.04475548578,643943.782403866,738386.038305067,638823.592338715,730233.951936586,0.5737527208823,0.5289972351023,2020.68841934427,2020.73317483005,224800000,NA
921,927,0.07063537573,643943.782403866,738386.038305067,645734.015127368,730573.086404935,0.5996326108323,0.5289972351023,2020.68841934427,2020.75905472,224800000,NA
922,926,0.000574514216299948,638823.592338715,730233.951936586,638809.128804772,730237.852630933,0.5743272350986,0.5737527208823,2020.73317483005,2020.73374934427,224800000,NA
922,923,0.0449089678,638823.592338715,730233.951936586,635240.709466039,707664.334834915,0.6186616886823,0.5737527208823,2020.73317483005,2020.77808379785,224800000,NA
923,925,0.00039554641390005,635240.709466039,707664.334834915,635253.080949724,707666.482134458,0.6190572350962,0.6186616886823,2020.77808379785,2020.77847934426,224800000,NA
923,924,0.0286455464100001,635240.709466039,707664.334834915,635409.371861671,706131.686902459,0.6473072350923,0.6186616886823,2020.77808379785,2020.80672934426,224800000,NA
924,401,0.02387174863,635409.371861671,706131.686902459,638480.524248904,707034.221900588,0.6711789837223,0.6473072350923,2020.80672934426,2020.83060109289,224800000,hCoV-19/Belgium/ULG-10778/2020|EPI_ISL_644624|2020-10-31|Europe
924,402,0.01021054645,635409.371861671,706131.686902459,635390.22776141,706107.774551313,0.6575177815423,0.6473072350923,2020.80672934426,2020.81693989071,224800000,hCoV-19/Belgium/ULG-10671/2020|EPI_ISL_636646|2020-10-26|Europe
925,404,0.08764087432,635253.080949724,707666.482134458,635143.07589287,707511.587183871,0.7066981094162,0.6190572350962,2020.77847934426,2020.86612021858,224800000,hCoV-19/Belgium/ULG-10824/2020|EPI_ISL_661217|2020-11-13|Europe
925,403,0.03846054645,635253.080949724,707666.482134458,632921.958493936,720819.347707698,0.6575177815462,0.6190572350962,2020.77847934426,2020.81693989071,224800000,hCoV-19/Belgium/ULG-10710/2020|EPI_ISL_636681|2020-10-26|Europe
926,405,0.08319054645,638809.128804772,730237.852630933,638792.901309034,730092.845754483,0.6575177815486,0.5743272350986,2020.73374934427,2020.81693989072,224800000,hCoV-19/Belgium/ULG-10648/2020|EPI_ISL_636626|2020-10-26|Europe
926,406,0.08319054645,638809.128804772,730237.852630933,649276.242694625,743261.176264225,0.6575177815486,0.5743272350986,2020.73374934427,2020.81693989072,224800000,hCoV-19/Belgium/ULG-10633/2020|EPI_ISL_636612|2020-10-26|Europe
927,929,0.000314624266700037,645734.015127368,730573.086404935,645733.866730074,730558.430701173,0.599947235099,0.5996326108323,2020.75905472,2020.75936934427,224800000,NA
927,928,0.000314624266700037,645734.015127368,730573.086404935,645733.866730074,730558.430701173,0.599947235099,0.5996326108323,2020.75905472,2020.75936934427,224800000,NA
928,407,0.07123174863,645733.866730074,730558.430701173,634266.699891488,702869.990022214,0.671178983729,0.599947235099,2020.75936934427,2020.8306010929,224800000,hCoV-19/Belgium/ULG-10770/2020|EPI_ISL_644616|2020-10-31|Europe
928,408,0.04937382514,645733.866730074,730558.430701173,645567.628218442,723310.065354329,0.649321060239,0.599947235099,2020.75936934427,2020.80874316941,224800000,hCoV-19/Belgium/ULG-10685/2020|EPI_ISL_636657|2020-10-23|Europe
929,930,0.04573757993,645733.866730074,730558.430701173,646119.055340496,726432.088221075,0.645684815029,0.599947235099,2020.75936934427,2020.8051069242,224800000,NA
929,409,0.05757054645,645733.866730074,730558.430701173,627933.392246574,739976.703785752,0.657517781549,0.599947235099,2020.75936934427,2020.81693989072,224800000,hCoV-19/Belgium/ULG-10653/2020|EPI_ISL_636630|2020-10-26|Europe
930,410,0.02549416871,646119.055340496,726432.088221075,646263.027285576,726407.731076516,0.671178983739,0.645684815029,2020.8051069242,2020.83060109291,224800000,hCoV-19/Belgium/ULG-10773/2020|EPI_ISL_644619|2020-10-31|Europe
930,931,0.000467085562099956,646119.055340496,726432.088221075,636623.310524096,729663.953766087,0.6461519005911,0.645684815029,2020.8051069242,2020.80557400976,224800000,NA
931,411,0.06874293014,636623.310524096,729663.953766087,619820.331106984,742883.763808365,0.7148948307311,0.6461519005911,2020.80557400976,2020.8743169399,224800000,hCoV-19/Belgium/ULG-10787/2020|EPI_ISL_661222|2020-11-16|Europe
931,932,0.000456475691700042,636623.310524096,729663.953766087,636676.853397493,729679.260704563,0.6466083762828,0.6461519005911,2020.80557400976,2020.80603048545,224800000,NA
932,412,0.0109094052699999,636676.853397493,729679.260704563,636656.229506998,729692.783122995,0.6575177815528,0.6466083762828,2020.80603048545,2020.81693989072,224800000,hCoV-19/Belgium/ULG-10689/2020|EPI_ISL_636661|2020-10-26|Europe
932,933,0.000168858817899964,636676.853397493,729679.260704563,636680.789083451,729678.498434749,0.6467772351007,0.6466083762828,2020.80603048545,2020.80619934427,224800000,NA
933,413,0.01074054645,636680.789083451,729678.498434749,634189.498701102,705023.197922162,0.6575177815507,0.6467772351007,2020.80619934427,2020.81693989072,224800000,hCoV-19/Belgium/ULG-10700/2020|EPI_ISL_636672|2020-10-26|Europe
933,414,0.0708498360700001,636680.789083451,729678.498434749,653914.641702475,730409.621280975,0.7176270711707,0.6467772351007,2020.80619934427,2020.87704918034,224800000,hCoV-19/Belgium/ULG-10817/2020|EPI_ISL_661241|2020-11-17|Europe
934,983,0.000140808800500047,645154.137564897,730882.532256581,645157.841017538,730881.522743492,0.52828843655538,0.52814762775488,2020.68756973692,2020.68771054572,224800000,NA
934,935,0.000849607347400028,645154.137564897,730882.532256581,645173.27784892,730892.201759381,0.52899723510228,0.52814762775488,2020.68756973692,2020.68841934427,224800000,NA
935,936,0.01860549549,645173.27784892,730892.201759381,645144.829801455,730932.616651632,0.54760273059228,0.52899723510228,2020.68841934427,2020.70702483976,224800000,NA
935,943,0.00227999999999995,645173.27784892,730892.201759381,645260.645251555,730884.697303439,0.53127723510228,0.52899723510228,2020.68841934427,2020.69069934427,224800000,NA
936,937,0.00830352919400001,645144.829801455,730932.616651632,646248.310618219,732502.913447888,0.55590625978628,0.54760273059228,2020.70702483976,2020.71532836895,224800000,NA
936,941,1.45045101499486e-05,645144.829801455,730932.616651632,645141.236833799,730936.330754805,0.54761723510243,0.54760273059228,2020.70702483976,2020.70703934427,224800000,NA
937,415,0.000518625588900035,646248.310618219,732502.913447888,652682.935578884,738318.41628676,0.55642488537518,0.55590625978628,2020.71532836895,2020.71584699454,224800000,hCoV-19/Belgium/ULG-10745/2020|EPI_ISL_641587|2020-09-19|Europe
937,938,0.00647097531600005,646248.310618219,732502.913447888,646249.938770245,732509.254346083,0.56237723510228,0.55590625978628,2020.71532836895,2020.72179934427,224800000,NA
938,939,0.00175000000000003,646249.938770245,732509.254346083,632924.221747514,708640.124656726,0.56412723510228,0.56237723510228,2020.72179934427,2020.72354934427,224800000,NA
938,940,0.03722,646249.938770245,732509.254346083,646436.000683832,732832.524299399,0.59959723510228,0.56237723510228,2020.72179934427,2020.75901934427,224800000,NA
939,417,0.00322661202200003,632924.221747514,708640.124656726,637369.837565445,716927.797119746,0.56735384712428,0.56412723510228,2020.72354934427,2020.72677595629,224800000,hCoV-19/Belgium/ULG-10483/2020|EPI_ISL_581648|2020-09-23|Europe
939,416,0.000494371584800035,632924.221747514,708640.124656726,632924.821441837,708632.862767403,0.56462160668708,0.56412723510228,2020.72354934427,2020.72404371586,224800000,hCoV-19/Belgium/ULG-10472/2020|EPI_ISL_581578|2020-09-22|Europe
940,419,0.04972382514,646436.000683832,732832.524299399,639194.999174319,726391.948075732,0.64932106024228,0.59959723510228,2020.75901934427,2020.80874316941,224800000,hCoV-19/Belgium/ULG-10593/2020|EPI_ISL_626270|2020-10-23|Europe
940,418,0.04972382514,646436.000683832,732832.524299399,648283.920283594,741445.692003608,0.64932106024228,0.59959723510228,2020.75901934427,2020.80874316941,224800000,hCoV-19/Belgium/ULG-10598/2020|EPI_ISL_626296|2020-10-23|Europe
941,942,0.01966202256,645141.236833799,730936.330754805,640375.042682858,717504.996297798,0.56727925766243,0.54761723510243,2020.70703934427,2020.72670136683,224800000,NA
941,420,0.1099005464,645141.236833799,730936.330754805,644704.560984135,732628.147839684,0.65751778150243,0.54761723510243,2020.70703934427,2020.81693989067,224800000,hCoV-19/Belgium/ULG-10691/2020|EPI_ISL_636663|2020-10-26|Europe
942,421,7.45894573800365e-05,640375.042682858,717504.996297798,639074.810001633,718207.678712639,0.56735384711981,0.56727925766243,2020.72670136683,2020.72677595629,224800000,hCoV-19/Belgium/ULG-10491/2020|EPI_ISL_581582|2020-09-23|Europe
942,422,7.45894573800365e-05,640375.042682858,717504.996297798,640378.111933629,717502.780105455,0.56735384711981,0.56727925766243,2020.72670136683,2020.72677595629,224800000,hCoV-19/Belgium/ULG-10489/2020|EPI_ISL_581652|2020-09-23|Europe
943,944,0.00327,645260.645251555,730884.697303439,645191.840530137,730901.529075768,0.53454723510228,0.53127723510228,2020.69069934427,2020.69396934427,224800000,NA
943,423,0.1262405464,645260.645251555,730884.697303439,652406.102805564,759900.891482833,0.65751778150228,0.53127723510228,2020.69069934427,2020.81693989067,224800000,hCoV-19/Belgium/ULG-10663/2020|EPI_ISL_636640|2020-10-26|Europe
944,945,0.00258999999999998,645191.840530137,730901.529075768,645196.42770803,730925.6061634,0.53713723510228,0.53454723510228,2020.69396934427,2020.69655934427,224800000,NA
944,424,0.1830798361,645191.840530137,730901.529075768,625761.72499279,732794.605668947,0.71762707120228,0.53454723510228,2020.69396934427,2020.87704918037,224800000,hCoV-19/Belgium/ULG-10814/2020|EPI_ISL_661239|2020-11-17|Europe
945,953,0.00255000000000005,645196.42770803,730925.6061634,645199.857226199,730942.811724153,0.53968723510228,0.53713723510228,2020.69655934427,2020.69910934427,224800000,NA
945,946,0.08722,645196.42770803,730925.6061634,645153.801358773,730885.865001791,0.62435723510228,0.53713723510228,2020.69655934427,2020.78377934427,224800000,NA
946,425,0.02496382514,645153.801358773,730885.865001791,603165.009642043,750417.991735211,0.64932106024228,0.62435723510228,2020.78377934427,2020.80874316941,224800000,hCoV-19/Belgium/ULG-10556/2020|EPI_ISL_626273|2020-10-23|Europe
946,947,0.0208,645153.801358773,730885.865001791,651418.696866076,738168.636160569,0.64515723510228,0.62435723510228,2020.78377934427,2020.80457934427,224800000,NA
947,950,0.000680000000000014,651418.696866076,738168.636160569,651457.917293248,737393.818307652,0.64583723510228,0.64515723510228,2020.80457934427,2020.80525934427,224800000,NA
947,948,0.000689999999999968,651418.696866076,738168.636160569,637836.310523183,722814.28576756,0.64584723510228,0.64515723510228,2020.80457934427,2020.80526934427,224800000,NA
948,426,0.00347382513700001,637836.310523183,722814.28576756,620032.571257989,727446.645443182,0.64932106023928,0.64584723510228,2020.80526934427,2020.80874316941,224800000,hCoV-19/Belgium/ULG-10573/2020|EPI_ISL_626274|2020-10-23|Europe
948,949,7.00000000000145e-05,637836.310523183,722814.28576756,637838.255391152,722817.857307885,0.64591723510228,0.64584723510228,2020.80526934427,2020.80533934427,224800000,NA
949,427,0.00340382513699999,637838.255391152,722817.857307885,637826.628011955,722818.552201655,0.64932106023928,0.64591723510228,2020.80533934427,2020.80874316941,224800000,hCoV-19/Belgium/ULG-10517/2020|EPI_ISL_626276|2020-10-23|Europe
949,428,0.00340382513699999,637838.255391152,722817.857307885,540953.480878152,750813.965531685,0.64932106023928,0.64591723510228,2020.80533934427,2020.80874316941,224800000,hCoV-19/Belgium/ULG-10553/2020|EPI_ISL_626277|2020-10-23|Europe
950,429,0.00348382513699996,651457.917293248,737393.818307652,654382.105228529,739247.505180896,0.64932106023928,0.64583723510228,2020.80525934427,2020.80874316941,224800000,hCoV-19/Belgium/ULG-10516/2020|EPI_ISL_626260|2020-10-23|Europe
950,951,7.00000000000145e-05,651457.917293248,737393.818307652,637838.255391152,722817.857307885,0.64590723510228,0.64583723510228,2020.80525934427,2020.80532934427,224800000,NA
951,952,9.99999999995449e-06,637838.255391152,722817.857307885,651458.161563902,737394.64107725,0.64591723510228,0.64590723510228,2020.80532934427,2020.80533934427,224800000,NA
951,430,0.00341382513699995,637838.255391152,722817.857307885,651467.254903894,737397.746907699,0.64932106023928,0.64590723510228,2020.80532934427,2020.80874316941,224800000,hCoV-19/Belgium/ULG-10508/2020|EPI_ISL_626259|2020-10-23|Europe
952,431,0.00340382513699999,651458.161563902,737394.64107725,633471.045585241,740160.377015449,0.64932106023928,0.64591723510228,2020.80533934427,2020.80874316941,224800000,hCoV-19/Belgium/ULG-10568/2020|EPI_ISL_626275|2020-10-23|Europe
952,432,0.00340382513699999,651458.161563902,737394.64107725,633095.032950229,746412.142224544,0.64932106023928,0.64591723510228,2020.80533934427,2020.80874316941,224800000,hCoV-19/Belgium/ULG-10554/2020|EPI_ISL_626272|2020-10-23|Europe
953,955,0.00243000000000004,645199.857226199,730942.811724153,641882.685076842,731491.782183002,0.54211723510228,0.53968723510228,2020.69910934427,2020.70153934427,224800000,NA
953,954,0.10644,645199.857226199,730942.811724153,645232.107308186,730863.328681505,0.64612723510228,0.53968723510228,2020.69910934427,2020.80554934427,224800000,NA
954,433,0.07149983607,645232.107308186,730863.328681505,643964.555524272,729936.304370143,0.71762707117228,0.64612723510228,2020.80554934427,2020.87704918034,224800000,hCoV-19/Belgium/ULG-10813/2020|EPI_ISL_661238|2020-11-17|Europe
954,434,0.06876759563,645232.107308186,730863.328681505,656615.98833469,722349.498239065,0.71489483073228,0.64612723510228,2020.80554934427,2020.8743169399,224800000,hCoV-19/Belgium/ULG-10783/2020|EPI_ISL_661219|2020-11-16|Europe
955,435,0.1072038251,641882.685076842,731491.782183002,654328.770958879,743986.452045759,0.64932106020228,0.54211723510228,2020.70153934427,2020.80874316937,224800000,hCoV-19/Belgium/ULG-10558/2020|EPI_ISL_626283|2020-10-23|Europe
955,956,0.00229000000000001,641882.685076842,731491.782183002,648226.996017473,737155.362203822,0.54440723510228,0.54211723510228,2020.70153934427,2020.70382934427,224800000,NA
956,957,0.002645003127,648226.996017473,737155.362203822,641831.809941385,731507.677161724,0.54705223822928,0.54440723510228,2020.70382934427,2020.7064743474,224800000,NA
956,962,0.00239,648226.996017473,737155.362203822,642268.447037001,731458.868338903,0.54679723510228,0.54440723510228,2020.70382934427,2020.70621934427,224800000,NA
957,959,0.00062311725340003,641831.809941385,731507.677161724,640225.070700387,740897.826607736,0.54767535548268,0.54705223822928,2020.7064743474,2020.70709746465,224800000,NA
957,958,0.00027499687260002,641831.809941385,731507.677161724,641835.41973992,731498.972416375,0.54732723510188,0.54705223822928,2020.7064743474,2020.70674934427,224800000,NA
958,436,0.1101905464,641835.41973992,731498.972416375,641908.509728853,731122.328724719,0.65751778150188,0.54732723510188,2020.70674934427,2020.81693989067,224800000,hCoV-19/Belgium/ULG-10707/2020|EPI_ISL_636679|2020-10-26|Europe
958,437,0.1019938251,641835.41973992,731498.972416375,651106.9339072,736337.245416931,0.64932106020188,0.54732723510188,2020.70674934427,2020.80874316937,224800000,hCoV-19/Belgium/ULG-10514/2020|EPI_ISL_626282|2020-10-23|Europe
959,960,0.07134187962,640225.070700387,740897.826607736,642474.891931766,739341.381233948,0.61901723510268,0.54767535548268,2020.70709746465,2020.77843934427,224800000,NA
959,961,5.187961916997e-05,640225.070700387,740897.826607736,640221.468218248,740897.035462487,0.54772723510185,0.54767535548268,2020.70709746465,2020.70714934427,224800000,NA
960,438,0.03030382514,642474.891931766,739341.381233948,648832.618602846,743949.334253762,0.64932106024268,0.61901723510268,2020.77843934427,2020.80874316941,224800000,hCoV-19/Belgium/ULG-10564/2020|EPI_ISL_626309|2020-10-23|Europe
960,439,0.03030382514,642474.891931766,739341.381233948,642776.490802824,739403.851261454,0.64932106024268,0.61901723510268,2020.77843934427,2020.80874316941,224800000,hCoV-19/Belgium/ULG-10566/2020|EPI_ISL_626308|2020-10-23|Europe
961,440,0.1097905464,640221.468218248,740897.035462487,634226.961284136,711564.013823679,0.65751778150185,0.54772723510185,2020.70714934427,2020.81693989067,224800000,hCoV-19/Belgium/ULG-10658/2020|EPI_ISL_636635|2020-10-26|Europe
961,441,0.1015938251,640221.468218248,740897.035462487,640700.799365867,740050.858036408,0.64932106020185,0.54772723510185,2020.70714934427,2020.80874316937,224800000,hCoV-19/Belgium/ULG-10537/2020|EPI_ISL_626291|2020-10-23|Europe
962,963,0.05198212623,642268.447037001,731458.868338903,645677.187183908,741284.635887158,0.59877936133228,0.54679723510228,2020.70621934427,2020.7582014705,224800000,NA
962,966,0.00233000000000005,642268.447037001,731458.868338903,642398.271090758,731553.247359005,0.54912723510228,0.54679723510228,2020.70621934427,2020.70854934427,224800000,NA
963,964,0.000747873771099972,645677.187183908,741284.635887158,645643.536488182,741263.404150935,0.59952723510338,0.59877936133228,2020.7582014705,2020.75894934427,224800000,NA
963,965,0.000807873771100032,645677.187183908,741284.635887158,645700.495647415,741288.667552075,0.59958723510338,0.59877936133228,2020.7582014705,2020.75900934427,224800000,NA
964,443,0.05799054645,645643.536488182,741263.404150935,626773.656583968,714852.157947068,0.65751778155338,0.59952723510338,2020.75894934427,2020.81693989072,224800000,hCoV-19/Belgium/ULG-10665/2020|EPI_ISL_636641|2020-10-26|Europe
964,442,0.06072278689,645643.536488182,741263.404150935,645599.537525205,741258.181386831,0.66025002199338,0.59952723510338,2020.75894934427,2020.81967213116,224800000,hCoV-19/Belgium/ULG-10640/2020|EPI_ISL_636618|2020-10-27|Europe
965,444,0.05793054645,645700.495647415,741288.667552075,646132.62805022,743786.223037399,0.65751778155338,0.59958723510338,2020.75900934427,2020.81693989072,224800000,hCoV-19/Belgium/ULG-10626/2020|EPI_ISL_636605|2020-10-26|Europe
965,445,0.05793054645,645700.495647415,741288.667552075,647775.078006789,735602.575597101,0.65751778155338,0.59958723510338,2020.75900934427,2020.81693989072,224800000,hCoV-19/Belgium/ULG-10688/2020|EPI_ISL_636660|2020-10-26|Europe
966,969,0.00139170445100001,642398.271090758,731553.247359005,642392.819653532,731564.741004715,0.55051893955328,0.54912723510228,2020.70854934427,2020.70994104872,224800000,NA
966,967,7.00000000000145e-05,642398.271090758,731553.247359005,637838.255391152,722817.857307885,0.54919723510228,0.54912723510228,2020.70854934427,2020.70861934427,224800000,NA
967,968,0.0970300000000001,637838.255391152,722817.857307885,628918.081576587,725386.111360403,0.64622723510228,0.54919723510228,2020.70861934427,2020.80564934427,224800000,NA
967,446,0.1083205464,637838.255391152,722817.857307885,642637.247222143,725463.769790282,0.65751778150228,0.54919723510228,2020.70861934427,2020.81693989067,224800000,hCoV-19/Belgium/ULG-10696/2020|EPI_ISL_636668|2020-10-26|Europe
968,448,0.00309382513699996,628918.081576587,725386.111360403,628927.91607259,725369.00278679,0.64932106023928,0.64622723510228,2020.80564934427,2020.80874316941,224800000,hCoV-19/Belgium/ULG-10529/2020|EPI_ISL_626300|2020-10-23|Europe
968,447,0.02495174863,628918.081576587,725386.111360403,646470.890637994,740898.650907324,0.67117898373228,0.64622723510228,2020.80564934427,2020.8306010929,224800000,hCoV-19/Belgium/ULG-10767/2020|EPI_ISL_644613|2020-10-31|Europe
969,970,0.000938295549499979,642392.819653532,731564.741004715,642404.60308499,731582.243687902,0.55145723510278,0.55051893955328,2020.70994104872,2020.71087934427,224800000,NA
969,449,0.1206600442,642392.819653532,731564.741004715,636526.575891308,717017.417413606,0.67117898375328,0.55051893955328,2020.70994104872,2020.83060109292,224800000,hCoV-19/Belgium/ULG-10779/2020|EPI_ISL_644625|2020-10-31|Europe
970,971,0.00312999999999997,642404.60308499,731582.243687902,647571.607904204,734264.853419855,0.55458723510278,0.55145723510278,2020.71087934427,2020.71400934427,224800000,NA
970,450,0.00223540983600001,642404.60308499,731582.243687902,635599.175271236,724158.143009722,0.55369264493878,0.55145723510278,2020.71087934427,2020.71311475411,224800000,hCoV-19/Belgium/ULG-10731/2020|EPI_ISL_641573|2020-09-18|Europe
971,972,0.00396722941500005,647571.607904204,734264.853419855,647635.783738937,734209.696283981,0.55855446451778,0.55458723510278,2020.71400934427,2020.71797657369,224800000,NA
971,975,0.00780000000000003,647571.607904204,734264.853419855,647554.899549437,734256.980056812,0.56238723510278,0.55458723510278,2020.71400934427,2020.72180934427,224800000,NA
972,451,0.000602661294999973,647635.783738937,734209.696283981,643247.025649956,718999.6413873,0.55915712581278,0.55855446451778,2020.71797657369,2020.71857923498,224800000,hCoV-19/Belgium/ULG-10760/2020|EPI_ISL_641602|2020-09-20|Europe
972,973,0.00322277058499998,647635.783738937,734209.696283981,647922.463941313,734940.849646599,0.56177723510278,0.55855446451778,2020.71797657369,2020.72119934427,224800000,NA
973,452,0.00284437158499995,647922.463941313,734940.849646599,647884.345124222,734892.992330132,0.56462160668778,0.56177723510278,2020.72119934427,2020.72404371586,224800000,hCoV-19/Belgium/ULG-10474/2020|EPI_ISL_581643|2020-09-22|Europe
973,974,0.0850299999999999,647922.463941313,734940.849646599,634681.351918126,745791.187000371,0.64680723510278,0.56177723510278,2020.72119934427,2020.80622934427,224800000,NA
974,454,0.06808759563,634681.351918126,745791.187000371,624105.022870635,744336.360317447,0.71489483073278,0.64680723510278,2020.80622934427,2020.8743169399,224800000,hCoV-19/Belgium/ULG-10781/2020|EPI_ISL_661218|2020-11-16|Europe
974,453,0.06808759563,634681.351918126,745791.187000371,632563.8145114,746988.782046119,0.71489483073278,0.64680723510278,2020.80622934427,2020.8743169399,224800000,hCoV-19/Belgium/ULG-10790/2020|EPI_ISL_661225|2020-11-16|Europe
975,976,0.00175000000000003,647554.899549437,734256.980056812,632924.221747514,708640.124656726,0.56413723510278,0.56238723510278,2020.72180934427,2020.72355934427,224800000,NA
975,977,0.00341000000000002,647554.899549437,734256.980056812,647601.417446452,734214.737671227,0.56579723510278,0.56238723510278,2020.72180934427,2020.72521934427,224800000,NA
976,456,0.00321661202199996,632924.221747514,708640.124656726,630364.675163505,735290.602152792,0.56735384712478,0.56413723510278,2020.72355934427,2020.72677595629,224800000,hCoV-19/Belgium/ULG-10476/2020|EPI_ISL_581645|2020-09-23|Europe
976,455,0.00048437158479997,632924.221747514,708640.124656726,648450.874727521,739291.177942285,0.56462160668758,0.56413723510278,2020.72355934427,2020.72404371586,224800000,hCoV-19/Belgium/ULG-10475/2020|EPI_ISL_581644|2020-09-22|Europe
977,457,0.00155661202199997,647601.417446452,734214.737671227,637815.134685799,727982.276679012,0.56735384712478,0.56579723510278,2020.72521934427,2020.72677595629,224800000,hCoV-19/Belgium/ULG-10497/2020|EPI_ISL_581659|2020-09-23|Europe
977,978,0.00624999999999998,647601.417446452,734214.737671227,647323.031540757,734507.150223932,0.57204723510278,0.56579723510278,2020.72521934427,2020.73146934427,224800000,NA
978,458,0.000771092896100001,647323.031540757,734507.150223932,656501.548645067,737997.403264796,0.57281832799888,0.57204723510278,2020.73146934427,2020.73224043717,224800000,hCoV-19/Belgium/ULG-10504/2020|EPI_ISL_581666|2020-09-25|Europe
978,979,0.06879,647323.031540757,734507.150223932,647334.860355336,734516.36004226,0.64083723510278,0.57204723510278,2020.73146934427,2020.80025934427,224800000,NA
979,459,0.03580622951,647334.860355336,734516.36004226,647310.87845878,734482.757185215,0.67664346461278,0.64083723510278,2020.80025934427,2020.83606557378,224800000,hCoV-19/Belgium/ULG-10769/2020|EPI_ISL_644615|2020-11-02|Europe
979,980,0.00209999999999999,647334.860355336,734516.36004226,646117.118888502,735647.138802573,0.64293723510278,0.64083723510278,2020.80025934427,2020.80235934427,224800000,NA
980,460,0.00638382513699998,646117.118888502,735647.138802573,645133.413520535,753594.997287943,0.64932106023978,0.64293723510278,2020.80235934427,2020.80874316941,224800000,hCoV-19/Belgium/ULG-10539/2020|EPI_ISL_626265|2020-10-23|Europe
980,981,0.00212999999999997,646117.118888502,735647.138802573,646232.142906999,735840.429993139,0.64506723510278,0.64293723510278,2020.80235934427,2020.80448934427,224800000,NA
981,982,0.00190000000000001,646232.142906999,735840.429993139,614539.077655027,602362.717976467,0.64696723510278,0.64506723510278,2020.80448934427,2020.80638934427,224800000,NA
981,461,0.00425382513700001,646232.142906999,735840.429993139,646306.041690707,735901.253397253,0.64932106023978,0.64506723510278,2020.80448934427,2020.80874316941,224800000,hCoV-19/Belgium/ULG-10530/2020|EPI_ISL_626322|2020-10-23|Europe
982,462,0.01055054645,614539.077655027,602362.717976467,650652.623019016,740497.031066885,0.65751778155278,0.64696723510278,2020.80638934427,2020.81693989072,224800000,hCoV-19/Belgium/ULG-10630/2020|EPI_ISL_636609|2020-10-26|Europe
982,463,0.002353825137,614539.077655027,602362.717976467,643520.260036874,734660.950699651,0.64932106023978,0.64696723510278,2020.80638934427,2020.80874316941,224800000,hCoV-19/Belgium/ULG-10582/2020|EPI_ISL_626264|2020-10-23|Europe
983,984,0.00070879854689998,645157.841017538,730881.522743492,645139.681188319,730883.529585952,0.52899723510228,0.52828843655538,2020.68771054572,2020.68841934427,224800000,NA
983,985,0.00070879854689998,645157.841017538,730881.522743492,645139.681188319,730883.529585952,0.52899723510228,0.52828843655538,2020.68771054572,2020.68841934427,224800000,NA
984,465,0.1886298361,645139.681188319,730883.529585952,633437.819651099,710494.632186325,0.71762707120228,0.52899723510228,2020.68841934427,2020.87704918037,224800000,hCoV-19/Belgium/ULG-10812/2020|EPI_ISL_661237|2020-11-17|Europe
984,464,0.1203238251,645139.681188319,730883.529585952,645462.915416986,740332.644525773,0.64932106020228,0.52899723510228,2020.68841934427,2020.80874316937,224800000,hCoV-19/Belgium/ULG-10589/2020|EPI_ISL_626295|2020-10-23|Europe
985,466,0.03015989071,645139.681188319,730883.529585952,637062.648471253,718750.543465978,0.55915712581228,0.52899723510228,2020.68841934427,2020.71857923498,224800000,hCoV-19/Belgium/ULG-10759/2020|EPI_ISL_641601|2020-09-20|Europe
985,467,0.1886298361,645139.681188319,730883.529585952,644471.097416747,739087.137585266,0.71762707120228,0.52899723510228,2020.68841934427,2020.87704918037,224800000,hCoV-19/Belgium/ULG-10816/2020|EPI_ISL_661240|2020-11-17|Europe
986,987,0.02403,644843.155485543,730879.684201001,644960.633038871,730574.339826434,0.5342272351022,0.5101972351022,2020.66961934427,2020.69364934427,224800000,NA
986,992,0.02346584838,644843.155485543,730879.684201001,643342.135869441,736659.345586524,0.5336630834822,0.5101972351022,2020.66961934427,2020.69308519265,224800000,NA
987,988,0.0361900000000001,644960.633038871,730574.339826434,644874.569919037,730493.780437635,0.5704172351022,0.5342272351022,2020.69364934427,2020.72983934427,224800000,NA
987,468,0.1150938251,644960.633038871,730574.339826434,647099.481781359,738901.209880813,0.6493210602022,0.5342272351022,2020.69364934427,2020.80874316937,224800000,hCoV-19/Belgium/ULG-10587/2020|EPI_ISL_626302|2020-10-23|Europe
988,469,0.08710054645,644874.569919037,730493.780437635,640742.10387799,747536.174581378,0.6575177815522,0.5704172351022,2020.72983934427,2020.81693989072,224800000,hCoV-19/Belgium/ULG-10635/2020|EPI_ISL_636613|2020-10-26|Europe
988,989,0.0539499999999999,644874.569919037,730493.780437635,644739.440553727,730944.806367323,0.6243672351022,0.5704172351022,2020.72983934427,2020.78378934427,224800000,NA
989,990,0.02289,644739.440553727,730944.806367323,644761.382227179,730986.99556555,0.6472572351022,0.6243672351022,2020.78378934427,2020.80667934427,224800000,NA
989,470,0.02495382514,644739.440553727,730944.806367323,653102.048752367,714896.109873203,0.6493210602422,0.6243672351022,2020.78378934427,2020.80874316941,224800000,hCoV-19/Belgium/ULG-10527/2020|EPI_ISL_626321|2020-10-23|Europe
990,471,0.06763759563,644761.382227179,730986.99556555,644751.595461006,730838.808357392,0.7148948307322,0.6472572351022,2020.80667934427,2020.8743169399,224800000,hCoV-19/Belgium/ULG-10784/2020|EPI_ISL_661220|2020-11-16|Europe
990,991,0.00051000000000001,644761.382227179,730986.99556555,644780.518465172,730972.745629545,0.6477672351022,0.6472572351022,2020.80667934427,2020.80718934427,224800000,NA
991,472,0.06985983607,644780.518465172,730972.745629545,645648.535315117,729239.967255714,0.7176270711722,0.6477672351022,2020.80718934427,2020.87704918034,224800000,hCoV-19/Belgium/ULG-10807/2020|EPI_ISL_661234|2020-11-17|Europe
991,473,0.0725920765,644780.518465172,730972.745629545,655280.604017645,747762.826530495,0.7203593116022,0.6477672351022,2020.80718934427,2020.87978142077,224800000,hCoV-19/Belgium/ULG-10819/2020|EPI_ISL_661242|2020-11-18|Europe
992,993,0.000904151622600047,643342.135869441,736659.345586524,643345.661580769,736662.59190451,0.5345672351048,0.5336630834822,2020.69308519265,2020.69398934427,224800000,NA
992,994,0.000904151622600047,643342.135869441,736659.345586524,643345.661580769,736662.59190451,0.5345672351048,0.5336630834822,2020.69308519265,2020.69398934427,224800000,NA
993,474,0.03278661202,643345.661580769,736662.59190451,649157.618791044,736986.449397286,0.5673538471248,0.5345672351048,2020.69398934427,2020.72677595629,224800000,hCoV-19/Belgium/ULG-10500/2020|EPI_ISL_581662|2020-09-23|Europe
993,475,0.1830598361,643345.661580769,736662.59190451,622174.879377481,624951.055480502,0.7176270712048,0.5345672351048,2020.69398934427,2020.87704918037,224800000,hCoV-19/Belgium/ULG-10808/2020|EPI_ISL_661235|2020-11-17|Europe
994,995,0.0188293267,643345.661580769,736662.59190451,643410.853951221,736712.605153392,0.5533965618048,0.5345672351048,2020.69398934427,2020.71281867097,224800000,NA
994,997,0.00573000000000001,643345.661580769,736662.59190451,643287.334752838,736668.657073114,0.5402972351048,0.5345672351048,2020.69398934427,2020.69971934427,224800000,NA
995,996,0.000310673300999986,643410.853951221,736712.605153392,643387.560562351,736692.851822868,0.5537072351058,0.5533965618048,2020.71281867097,2020.71312934427,224800000,NA
995,476,0.000296083137000025,643410.853951221,736712.605153392,650081.635239661,739819.672776408,0.5536926449418,0.5533965618048,2020.71281867097,2020.71311475411,224800000,hCoV-19/Belgium/ULG-10739/2020|EPI_ISL_641581|2020-09-18|Europe
996,478,0.1639198361,643387.560562351,736692.851822868,645428.80958107,740103.702999541,0.7176270712058,0.5537072351058,2020.71312934427,2020.87704918037,224800000,hCoV-19/Belgium/ULG-10801/2020|EPI_ISL_661231|2020-11-17|Europe
996,477,0.1038105464,643387.560562351,736692.851822868,633643.88181472,727138.470262287,0.6575177815058,0.5537072351058,2020.71312934427,2020.81693989067,224800000,hCoV-19/Belgium/ULG-10699/2020|EPI_ISL_636671|2020-10-26|Europe
997,479,0.00246644808800001,643287.334752838,736668.657073114,631150.526272482,720138.712834971,0.5427636831928,0.5402972351048,2020.69971934427,2020.70218579236,224800000,hCoV-19/Belgium/ULG-10720/2020|EPI_ISL_641562|2020-09-14|Europe
997,998,0.00217000000000001,643287.334752838,736668.657073114,643230.219326297,736702.251908449,0.5424672351048,0.5402972351048,2020.69971934427,2020.70188934427,224800000,NA
998,999,0.00238000000000005,643230.219326297,736702.251908449,634045.697592178,734275.799033436,0.5448472351048,0.5424672351048,2020.70188934427,2020.70426934427,224800000,NA
998,480,0.000296448087499956,643230.219326297,736702.251908449,643244.009401318,736693.566408168,0.5427636831923,0.5424672351048,2020.70188934427,2020.70218579236,224800000,hCoV-19/Belgium/ULG-10719/2020|EPI_ISL_641561|2020-09-14|Europe
999,1001,0.00241999999999998,634045.697592178,734275.799033436,634059.051860906,734297.425012498,0.5472672351048,0.5448472351048,2020.70426934427,2020.70668934427,224800000,NA
999,1000,0.10109,634045.697592178,734275.799033436,636691.967263244,735721.045576051,0.6459372351048,0.5448472351048,2020.70426934427,2020.80535934427,224800000,NA
1000,482,0.00338382513699997,636691.967263244,735721.045576051,629333.931916456,721999.506957197,0.6493210602418,0.6459372351048,2020.80535934427,2020.80874316941,224800000,hCoV-19/Belgium/ULG-10549/2020|EPI_ISL_626278|2020-10-23|Europe
1000,481,0.00338382513699997,636691.967263244,735721.045576051,636697.883657663,735728.655405151,0.6493210602418,0.6459372351048,2020.80535934427,2020.80874316941,224800000,hCoV-19/Belgium/ULG-10510/2020|EPI_ISL_626271|2020-10-23|Europe
1001,1002,0.03367505671,634059.051860906,734297.425012498,634022.232829296,734412.9261727,0.5809422918148,0.5472672351048,2020.70668934427,2020.74036440098,224800000,NA
1001,1008,0.001479543079,634059.051860906,734297.425012498,641856.110700105,749884.305075004,0.5487467781838,0.5472672351048,2020.70668934427,2020.70816888735,224800000,NA
1002,1004,1.49432873699507e-05,634022.232829296,734412.9261727,634022.598126747,734414.2321268,0.58095723510217,0.5809422918148,2020.74036440098,2020.74037934427,224800000,NA
1002,1003,1.49432873699507e-05,634022.232829296,734412.9261727,634022.598126747,734414.2321268,0.58095723510217,0.5809422918148,2020.74036440098,2020.74037934427,224800000,NA
1003,484,0.0683638251400001,634022.598126747,734414.2321268,653784.319388304,732122.173237318,0.64932106024217,0.58095723510217,2020.74037934427,2020.80874316941,224800000,hCoV-19/Belgium/ULG-10580/2020|EPI_ISL_626255|2020-10-23|Europe
1003,483,0.07656054645,634022.598126747,734414.2321268,625062.43113683,734256.091014646,0.65751778155217,0.58095723510217,2020.74037934427,2020.81693989072,224800000,hCoV-19/Belgium/ULG-10655/2020|EPI_ISL_636632|2020-10-26|Europe
1004,1006,0.04353,634022.598126747,734414.2321268,633978.627452317,734472.286478953,0.62448723510217,0.58095723510217,2020.74037934427,2020.78390934427,224800000,NA
1004,1005,0.06636,634022.598126747,734414.2321268,639517.571042317,723216.555886481,0.64731723510217,0.58095723510217,2020.74037934427,2020.80673934427,224800000,NA
1005,486,0.01020054645,639517.571042317,723216.555886481,639519.48310725,723223.069287501,0.65751778155217,0.64731723510217,2020.80673934427,2020.81693989072,224800000,hCoV-19/Belgium/ULG-10666/2020|EPI_ISL_636642|2020-10-26|Europe
1005,485,0.01020054645,639517.571042317,723216.555886481,638986.16858967,716210.194238665,0.65751778155217,0.64731723510217,2020.80673934427,2020.81693989072,224800000,hCoV-19/Belgium/ULG-10667/2020|EPI_ISL_636643|2020-10-26|Europe
1006,1007,0.0219200000000001,633978.627452317,734472.286478953,652337.828631064,741467.632929228,0.64640723510217,0.62448723510217,2020.78390934427,2020.80582934427,224800000,NA
1006,487,0.03576278689,633978.627452317,734472.286478953,634190.351876485,734505.921255214,0.66025002199217,0.62448723510217,2020.78390934427,2020.81967213116,224800000,hCoV-19/Belgium/ULG-10627/2020|EPI_ISL_636606|2020-10-27|Europe
1007,488,0.01111054645,652337.828631064,741467.632929228,645528.338968298,721975.426681598,0.65751778155217,0.64640723510217,2020.80582934427,2020.81693989072,224800000,hCoV-19/Belgium/ULG-10650/2020|EPI_ISL_636628|2020-10-26|Europe
1007,489,0.07121983607,652337.828631064,741467.632929228,652574.497630409,741461.713956955,0.71762707117217,0.64640723510217,2020.80582934427,2020.87704918034,224800000,hCoV-19/Belgium/ULG-10800/2020|EPI_ISL_661230|2020-11-17|Europe
1008,1009,0.05065045692,641856.110700105,749884.305075004,641997.662921006,749651.121776042,0.5993972351038,0.5487467781838,2020.70816888735,2020.75881934427,224800000,NA
1008,1013,0.000285002361400055,641856.110700105,749884.305075004,641861.801504016,749886.106431043,0.5490317805452,0.5487467781838,2020.70816888735,2020.70845388971,224800000,NA
1009,1010,0.00290000000000001,641997.662921006,749651.121776042,641670.728528197,749299.700748705,0.6022972351038,0.5993972351038,2020.75881934427,2020.76171934427,224800000,NA
1009,490,0.04992382514,641997.662921006,749651.121776042,649384.301384314,757936.198824934,0.6493210602438,0.5993972351038,2020.75881934427,2020.80874316941,224800000,hCoV-19/Belgium/ULG-10545/2020|EPI_ISL_626306|2020-10-23|Europe
1010,1011,0.04501,641670.728528197,749299.700748705,646395.321364335,745383.569208738,0.6473072351038,0.6022972351038,2020.76171934427,2020.80672934427,224800000,NA
1010,1012,0.04569,641670.728528197,749299.700748705,640315.341321129,747550.541854131,0.6479872351038,0.6022972351038,2020.76171934427,2020.80740934427,224800000,NA
1011,492,0.01021054645,646395.321364335,745383.569208738,646391.585149466,745336.928484464,0.6575177815538,0.6473072351038,2020.80672934427,2020.81693989072,224800000,hCoV-19/Belgium/ULG-10629/2020|EPI_ISL_636608|2020-10-26|Europe
1011,491,0.00201382513699999,646395.321364335,745383.569208738,642832.134933976,739096.9045888,0.6493210602408,0.6473072351038,2020.80672934427,2020.80874316941,224800000,hCoV-19/Belgium/ULG-10506/2020|EPI_ISL_626297|2020-10-23|Europe
1012,494,0.00679830601099995,640315.341321129,747550.541854131,640314.960506051,747530.924690934,0.6547855411148,0.6479872351038,2020.80740934427,2020.81420765028,224800000,hCoV-19/Belgium/ULG-10639/2020|EPI_ISL_636617|2020-10-25|Europe
1012,493,0.02319174863,640315.341321129,747550.541854131,641531.748402543,741652.512239377,0.6711789837338,0.6479872351038,2020.80740934427,2020.8306010929,224800000,hCoV-19/Belgium/ULG-10765/2020|EPI_ISL_644611|2020-10-31|Europe
1013,1019,0.000805454559499985,641861.801504016,749886.106431043,641871.066651337,749847.459008212,0.5498372351047,0.5490317805452,2020.70845388971,2020.70925934427,224800000,NA
1013,1014,0.00223545455899998,641861.801504016,749886.106431043,647336.003088571,738379.407085009,0.5512672351042,0.5490317805452,2020.70845388971,2020.71068934427,224800000,NA
1014,495,0.0980538251399999,647336.003088571,738379.407085009,648738.401687797,741515.077954964,0.6493210602442,0.5512672351042,2020.71068934427,2020.80874316941,224800000,hCoV-19/Belgium/ULG-10555/2020|EPI_ISL_626317|2020-10-23|Europe
1014,1015,0.00511845540300004,647336.003088571,738379.407085009,647372.715021418,738438.777044127,0.5563856905072,0.5512672351042,2020.71068934427,2020.71580779968,224800000,NA
1015,1016,0.00873154459699998,647372.715021418,738438.777044127,647342.056814277,738428.253542344,0.5651172351042,0.5563856905072,2020.71580779968,2020.72453934427,224800000,NA
1015,496,3.91948702199718e-05,647372.715021418,738438.777044127,647371.277909993,738443.895538532,0.55642488537742,0.5563856905072,2020.71580779968,2020.71584699455,224800000,hCoV-19/Belgium/ULG-10764/2020|EPI_ISL_641606|2020-09-19|Europe
1016,1017,0.00124999999999997,647342.056814277,738428.253542344,646304.830456255,733515.181134772,0.5663672351042,0.5651172351042,2020.72453934427,2020.72578934427,224800000,NA
1016,497,0.00223661202199998,647342.056814277,738428.253542344,649122.568908645,728396.007877213,0.5673538471262,0.5651172351042,2020.72453934427,2020.72677595629,224800000,hCoV-19/Belgium/ULG-10499/2020|EPI_ISL_581661|2020-09-23|Europe
1017,498,0.00098661202189998,646304.830456255,733515.181134772,646320.940199528,733537.621648092,0.5673538471261,0.5663672351042,2020.72578934427,2020.72677595629,224800000,hCoV-19/Belgium/ULG-10498/2020|EPI_ISL_581660|2020-09-23|Europe
1017,1018,0.08003,646304.830456255,733515.181134772,642132.563420789,715111.17812741,0.6463972351042,0.5663672351042,2020.72578934427,2020.80581934427,224800000,NA
1018,500,0.07122983607,642132.563420789,715111.17812741,655991.136151479,713908.291669771,0.7176270711742,0.6463972351042,2020.80581934427,2020.87704918034,224800000,hCoV-19/Belgium/ULG-10803/2020|EPI_ISL_661232|2020-11-17|Europe
1018,499,0.00292382513699996,642132.563420789,715111.17812741,642122.164081898,715106.959718617,0.6493210602412,0.6463972351042,2020.80581934427,2020.80874316941,224800000,hCoV-19/Belgium/ULG-10599/2020|EPI_ISL_626292|2020-10-23|Europe
1019,1020,0.0742759079,641871.066651337,749847.459008212,637891.42526319,748026.038241069,0.6241131430047,0.5498372351047,2020.70925934427,2020.78353525217,224800000,NA
1019,501,0.1076805464,641871.066651337,749847.459008212,643095.306537172,751477.96458919,0.6575177815047,0.5498372351047,2020.70925934427,2020.81693989067,224800000,hCoV-19/Belgium/ULG-10694/2020|EPI_ISL_636666|2020-10-26|Europe
1020,1024,0.000554092101100023,637891.42526319,748026.038241069,637881.234048915,748015.963010422,0.6246672351058,0.6241131430047,2020.78353525217,2020.78408934427,224800000,NA
1020,1021,0.0210940921,637891.42526319,748026.038241069,637872.68461119,748230.821187059,0.6452072351047,0.6241131430047,2020.78353525217,2020.80462934427,224800000,NA
1021,502,0.00411382513699998,637872.68461119,748230.821187059,658439.257497073,745266.060505119,0.6493210602417,0.6452072351047,2020.80462934427,2020.80874316941,224800000,hCoV-19/Belgium/ULG-10544/2020|EPI_ISL_626303|2020-10-23|Europe
1021,1022,0.000720000000000054,637872.68461119,748230.821187059,628425.889476483,747035.981261444,0.6459272351047,0.6452072351047,2020.80462934427,2020.80534934427,224800000,NA
1022,503,0.00339382513700004,628425.889476483,747035.981261444,624910.346901404,742367.298462737,0.6493210602417,0.6459272351047,2020.80534934427,2020.80874316941,224800000,hCoV-19/Belgium/ULG-10531/2020|EPI_ISL_626315|2020-10-23|Europe
1022,1023,0.000940000000000052,628425.889476483,747035.981261444,628420.071513934,747038.551076741,0.6468672351047,0.6459272351047,2020.80534934427,2020.80628934427,224800000,NA
1023,505,0.01065054645,628420.071513934,747038.551076741,628577.493496558,746141.508236634,0.6575177815547,0.6468672351047,2020.80628934427,2020.81693989072,224800000,hCoV-19/Belgium/ULG-10644/2020|EPI_ISL_636622|2020-10-26|Europe
1023,504,0.01065054645,628420.071513934,747038.551076741,631693.48386975,717539.086430091,0.6575177815547,0.6468672351047,2020.80628934427,2020.81693989072,224800000,hCoV-19/Belgium/ULG-10661/2020|EPI_ISL_636638|2020-10-26|Europe
1024,506,0.03285054645,637881.234048915,748015.963010422,649453.945877644,702647.263781135,0.6575177815558,0.6246672351058,2020.78408934427,2020.81693989072,224800000,hCoV-19/Belgium/ULG-10657/2020|EPI_ISL_636634|2020-10-26|Europe
1024,507,0.03285054645,637881.234048915,748015.963010422,637841.234028692,747998.822522018,0.6575177815558,0.6246672351058,2020.78408934427,2020.81693989072,224800000,hCoV-19/Belgium/ULG-10662/2020|EPI_ISL_636639|2020-10-26|Europe
1025,509,0.0274726776,643776.766626273,730330.484091056,647303.211686127,741775.366375317,0.4771899126961,0.4497172350961,2020.60913934426,2020.63661202186,224800000,hCoV-19/Belgium/ULG-10406/2020|EPI_ISL_540573|2020-08-21|Europe
1025,508,0.06572404372,643776.766626273,730330.484091056,643841.780467258,729504.031189227,0.5154412788161,0.4497172350961,2020.60913934426,2020.67486338798,224800000,hCoV-19/Belgium/ULG-10606/2020|EPI_ISL_626251|2020-09-04|Europe
1026,511,6.55737678711965e-07,721640.353830605,686052.867424029,721641.036201448,686052.787769397,0.340577890839079,0.3405772351014,2020.49999934427,2020.50000000001,224800000,SARS2-CoV/Belgium/Human/rega-0702807
1026,510,0.1366126776,721640.353830605,686052.867424029,646547.642710095,736533.279233656,0.4771899127014,0.3405772351014,2020.49999934427,2020.63661202187,224800000,hCoV-19/Belgium/ULG-10411/2020|EPI_ISL_540578|2020-08-21|Europe
1027,514,0.06618056058,670856.227634045,647608.709432817,620727.501109955,609035.173863059,0.0782828089072,0.0121022483272,2020.1715243575,2020.23770491807,224800000,hCoV-19/Belgium/Rega-0328195/2020|EPI_ISL_458165|2020-03-28|Europe
1027,513,0.04159039664,670856.227634045,647608.709432817,650525.313378505,741067.486848253,0.0536926449671999,0.0121022483272,2020.1715243575,2020.21311475414,224800000,hCoV-19/Belgium/ULG-8532/2020|EPI_ISL_418635|2020-03-19|Europe
