node1,node2,length,startLat,startLon,endLat,endLon,endNodeL,startNodeL,startYear,endYear,treeID,tipLabel
515,1,0.1903046668,634113.95011975,596562.556889682,634160.612966664,596577.605389899,0.1903046668,0,2020.15942210917,2020.34972677597,128000000,SARS2-CoV/Belgium/Human/rega-0508542
515,516,0.000767235133899979,634113.95011975,596562.556889682,688884.987699746,716207.828402752,0.000767235133899979,0,2020.15942210917,2020.1601893443,128000000,NA
516,2,0.0119418032800001,688884.987699746,716207.828402752,688883.725110881,716199.373426527,0.0127090384139,0.000767235133899979,2020.1601893443,2020.17213114758,128000000,hCoV-19/Belgium/JRH-030459/2020|EPI_ISL_418988|2020-03-04|Europe
516,517,0.00871673244299997,688884.987699746,716207.828402752,671979.548848691,648236.573594859,0.00948396757689995,0.000767235133899979,2020.1601893443,2020.16890607674,128000000,NA
517,534,0.000666367222500019,671979.548848691,648236.573594859,671974.869718718,648233.891410476,0.0101503347994,0.00948396757689995,2020.16890607674,2020.16957244397,128000000,NA
517,518,0.000710417046000056,671979.548848691,648236.573594859,675586.105119633,651569.023627365,0.0101943846229,0.00948396757689995,2020.16890607674,2020.16961649379,128000000,NA
518,523,0.000370253103599949,675586.105119633,651569.023627365,675592.025249813,651580.375320307,0.0105646377265,0.0101943846229,2020.16961649379,2020.16998674689,128000000,NA
518,519,0.000384882499300021,675586.105119633,651569.023627365,675584.986943344,651568.293248078,0.0105792671222,0.0101943846229,2020.16961649379,2020.17000137629,128000000,NA
519,520,0.000736547700399992,675584.986943344,651568.293248078,675582.07249075,651566.229417311,0.0113158148226,0.0105792671222,2020.17000137629,2020.17073792399,128000000,NA
519,7,0.5540423396,675584.986943344,651568.293248078,669005.867105273,662545.027351817,0.5646216067222,0.0105792671222,2020.17000137629,2020.72404371589,128000000,SARS2-CoV/Belgium/Human/rega-09221020
520,521,0.000841420310999985,675582.07249075,651566.229417311,675579.592632755,651567.614931219,0.0121572351336,0.0113158148226,2020.17073792399,2020.1715793443,128000000,NA
520,522,0.000841420310999985,675582.07249075,651566.229417311,675579.592632755,651567.614931219,0.0121572351336,0.0113158148226,2020.17073792399,2020.1715793443,128000000,NA
521,3,0.05519661202,675579.592632755,651567.614931219,642302.532231465,760799.729906486,0.0673538471536,0.0121572351336,2020.1715793443,2020.22677595632,128000000,hCoV-19/Belgium/ULG-0536/2020|EPI_ISL_447133|2020-03-24|Europe
521,4,0.1180381421,675579.592632755,651567.614931219,675500.338352573,651419.872036165,0.1301953772336,0.0121572351336,2020.1715793443,2020.2896174864,128000000,SARS2-CoV/Belgium/Human/rega-0416498
522,6,0.06885781421,675579.592632755,651567.614931219,626530.582561016,639306.648196107,0.0810150493436,0.0121572351336,2020.1715793443,2020.24043715851,128000000,hCoV-19/Belgium/Rega-0329245/2020|EPI_ISL_458215|2020-03-29|Europe
522,5,0.06885781421,675579.592632755,651567.614931219,633243.199117276,607870.012112868,0.0810150493436,0.0121572351336,2020.1715793443,2020.24043715851,128000000,hCoV-19/Belgium/Rega-0329225/2020|EPI_ISL_458195|2020-03-29|Europe
523,524,0.000715774240100053,675592.025249813,651580.375320307,648454.380684317,609097.091393297,0.0112804119666,0.0105646377265,2020.16998674689,2020.17070252113,128000000,NA
523,530,0.00116667175700003,675592.025249813,651580.375320307,675575.809706878,651570.878844168,0.0117313094835,0.0105646377265,2020.16998674689,2020.17115341865,128000000,NA
524,528,0.000876823166999996,648454.380684317,609097.091393297,648449.877397104,609094.737806489,0.0121572351336,0.0112804119666,2020.17070252113,2020.1715793443,128000000,NA
524,525,0.000876823166999996,648454.380684317,609097.091393297,648449.877397104,609094.737806489,0.0121572351336,0.0112804119666,2020.17070252113,2020.1715793443,128000000,NA
525,526,0.02201,648449.877397104,609094.737806489,638302.553369623,724029.449336425,0.0341672351336,0.0121572351336,2020.1715793443,2020.1935893443,128000000,NA
525,527,0.05518,648449.877397104,609094.737806489,648469.309488205,609103.280426192,0.0673372351336,0.0121572351336,2020.1715793443,2020.2267593443,128000000,NA
526,8,0.01406092896,638302.553369623,724029.449336425,653756.880624094,734261.835141199,0.0482281640936,0.0341672351336,2020.1935893443,2020.20765027326,128000000,hCoV-19/Belgium/HMM-0317327/2020|EPI_ISL_462181|2020-03-17|Europe
526,9,0.06324125683,638302.553369623,724029.449336425,638289.429016317,724040.817117477,0.0974084919636,0.0341672351336,2020.1935893443,2020.25683060113,128000000,hCoV-19/Belgium/ULG-10092/2020|EPI_ISL_424647|2020-04-04|Europe
527,11,1.66120218799692e-05,648469.309488205,609103.280426192,648469.682995158,609103.591858154,0.06735384715548,0.0673372351336,2020.2267593443,2020.22677595632,128000000,hCoV-19/Belgium/PM-0324144/2020|EPI_ISL_420401|2020-03-24|Europe
527,10,0.03007125683,648469.309488205,609103.280426192,643056.014965362,613071.858639464,0.0974084919636,0.0673372351336,2020.2267593443,2020.25683060113,128000000,hCoV-19/Belgium/CK-0404276/2020|EPI_ISL_464070|2020-04-04|Europe
528,12,0.06885781421,648449.877397104,609094.737806489,624362.661292742,604980.626654504,0.0810150493436,0.0121572351336,2020.1715793443,2020.24043715851,128000000,hCoV-19/Belgium/Rega-0329231/2020|EPI_ISL_458201|2020-03-29|Europe
528,529,0.04152,648449.877397104,609094.737806489,651744.388901305,741658.903170118,0.0536772351336,0.0121572351336,2020.1715793443,2020.2130993443,128000000,NA
529,13,1.54098360199972e-05,651744.388901305,741658.903170118,651744.064496202,741658.471194025,0.05369264496962,0.0536772351336,2020.2130993443,2020.21311475414,128000000,hCoV-19/Belgium/OT-0319109/2020|EPI_ISL_420365|2020-03-19|Europe
529,14,0.0519279781399999,651744.388901305,741658.903170118,663350.798694364,654209.191318193,0.1056052132736,0.0536772351336,2020.2130993443,2020.26502732244,128000000,hCoV-19/Belgium/PY-0407405/2020|EPI_ISL_462259|2020-04-07|Europe
530,532,0.000425925650299974,675575.809706878,651570.878844168,675574.343480542,651570.477385387,0.0121572351338,0.0117313094835,2020.17115341865,2020.1715793443,128000000,NA
530,531,0.000425925650299974,675575.809706878,651570.878844168,675574.343480542,651570.477385387,0.0121572351338,0.0117313094835,2020.17115341865,2020.1715793443,128000000,NA
531,16,0.05519661202,675574.343480542,651570.477385387,627276.093381697,646193.365996107,0.0673538471538,0.0121572351338,2020.1715793443,2020.22677595632,128000000,hCoV-19/Belgium/RS-0324138/2020|EPI_ISL_420395|2020-03-24|Europe
531,15,0.0524643715800001,675574.343480542,651570.477385387,666666.695672996,647098.440764908,0.0646216067138,0.0121572351338,2020.1715793443,2020.22404371588,128000000,hCoV-19/Belgium/LPDC-0323115/2020|EPI_ISL_420372|2020-03-23|Europe
532,17,0.1262348634,675574.343480542,651570.477385387,657727.00284071,567326.801517105,0.1383920985338,0.0121572351338,2020.1715793443,2020.2978142077,128000000,SARS2-CoV/Belgium/Human/rega-0419586
532,533,0.0335058383400001,675574.343480542,651570.477385387,675460.462671422,651708.444251998,0.0456630734738001,0.0121572351338,2020.1715793443,2020.20508518264,128000000,NA
533,19,0.0626743802399999,675460.462671422,651708.444251998,631675.383651002,742493.669721139,0.1083374537138,0.0456630734738001,2020.20508518264,2020.26775956288,128000000,hCoV-19/Belgium/ULG-10141/2020|EPI_ISL_427386|2020-04-08|Europe
533,18,0.03261973543,675460.462671422,651708.444251998,625420.025317707,609332.886083401,0.0782828089038,0.0456630734738001,2020.20508518264,2020.23770491807,128000000,hCoV-19/Belgium/FA-0328311/2020|EPI_ISL_462165|2020-03-28|Europe
534,535,0.000889945982500029,671974.869718718,648233.891410476,671976.004767459,648234.812299948,0.0110402807819,0.0101503347994,2020.16957244397,2020.17046238995,128000000,NA
534,555,0.000508820714199998,671974.869718718,648233.891410476,671973.110019211,648231.354077038,0.0106591555136,0.0101503347994,2020.16957244397,2020.17008126468,128000000,NA
535,546,0.000853638972299953,671976.004767459,648234.812299948,671978.603566403,648239.896406283,0.0118939197542,0.0110402807819,2020.17046238995,2020.17131602892,128000000,NA
535,536,0.000802019861000036,671976.004767459,648234.812299948,671870.960262232,647421.531164518,0.0118423006429,0.0110402807819,2020.17046238995,2020.17126440981,128000000,NA
536,538,0.000314934490599938,671870.960262232,647421.531164518,671869.951057266,647421.935470904,0.0121572351335,0.0118423006429,2020.17126440981,2020.1715793443,128000000,NA
536,537,0.09297190789,671870.960262232,647421.531164518,671856.046440592,647402.074689836,0.1048142085329,0.0118423006429,2020.17126440981,2020.2642363177,128000000,NA
537,21,0.06090029436,671856.046440592,647402.074689836,671833.579418008,647404.434124362,0.1657145028929,0.1048142085329,2020.2642363177,2020.32513661206,128000000,SARS2-CoV/Belgium/Human/rega-0429618
537,20,0.0281134091099999,671856.046440592,647402.074689836,671598.609910646,645074.682736382,0.1329276176429,0.1048142085329,2020.2642363177,2020.29234972681,128000000,SARS2-CoV/Belgium/Human/rega-0417504
538,542,0.0683400000000001,671869.951057266,647421.935470904,633946.663822462,758238.35537559,0.0804972351335,0.0121572351335,2020.1715793443,2020.2399193443,128000000,NA
538,539,0.03508,671869.951057266,647421.935470904,626602.311322573,607245.793745394,0.0472372351335,0.0121572351335,2020.1715793443,2020.2066593443,128000000,NA
539,540,0.00180999999999998,626602.311322573,607245.793745394,626606.250462766,607240.879952945,0.0490472351335,0.0472372351335,2020.2066593443,2020.2084693443,128000000,NA
539,22,0.000990928961799975,626602.311322573,607245.793745394,626596.790466506,607244.928849229,0.0482281640953,0.0472372351335,2020.2066593443,2020.20765027326,128000000,hCoV-19/Belgium/GE-0317105/2020|EPI_ISL_420361|2020-03-17|Europe
540,541,0.00190000000000001,626606.250462766,607240.879952945,614536.841115922,602355.547003922,0.0509472351335,0.0490472351335,2020.2084693443,2020.2103693443,128000000,NA
540,23,0.00191316939899999,626606.250462766,607240.879952945,649056.300373072,587166.586338931,0.0509604045324999,0.0490472351335,2020.2084693443,2020.2103825137,128000000,hCoV-19/Belgium/VL-0318104/2020|EPI_ISL_420360|2020-03-18|Europe
541,25,1.31693988900672e-05,614536.841115922,602355.547003922,613331.425540215,602629.786551794,0.05096040453239,0.0509472351335,2020.2103693443,2020.2103825137,128000000,hCoV-19/Belgium/UM-0318103/2020|EPI_ISL_420359|2020-03-18|Europe
541,24,1.31693988900672e-05,614536.841115922,602355.547003922,614530.801391076,602353.615833479,0.05096040453239,0.0509472351335,2020.2103693443,2020.2103825137,128000000,hCoV-19/Belgium/VD-0318102/2020|EPI_ISL_420358|2020-03-18|Europe
542,26,0.0196434972699999,633946.663822462,758238.35537559,633945.740746151,758238.830176841,0.1001407324035,0.0804972351335,2020.2399193443,2020.25956284157,128000000,hCoV-19/Belgium/ULG-10056/2020|EPI_ISL_424655|2020-04-05|Europe
542,543,0.00268999999999997,633946.663822462,758238.35537559,633946.28554601,758237.629901248,0.0831872351335,0.0804972351335,2020.2399193443,2020.2426093443,128000000,NA
543,27,0.05520486339,633946.28554601,758237.629901248,647449.650043107,760520.548797087,0.1383920985235,0.0831872351335,2020.2426093443,2020.29781420769,128000000,hCoV-19/Belgium/ULG-10163/2020|EPI_ISL_447157|2020-04-19|Europe
543,544,0.01115,633946.28554601,758237.629901248,636287.050134804,765906.696988419,0.0943372351335,0.0831872351335,2020.2426093443,2020.2537593443,128000000,NA
544,545,0.0105799999999999,636287.050134804,765906.696988419,634642.740664196,753356.088239413,0.1049172351335,0.0943372351335,2020.2537593443,2020.2643393443,128000000,NA
544,28,0.000339016393399949,636287.050134804,765906.696988419,636282.755706651,765903.8448959,0.0946762515269,0.0943372351335,2020.2537593443,2020.25409836069,128000000,hCoV-19/Belgium/ULG-10069/2020|EPI_ISL_424633|2020-04-03|Europe
545,29,0.0034202185790001,634642.740664196,753356.088239413,634641.772127775,753355.500100618,0.1083374537125,0.1049172351335,2020.2643393443,2020.26775956288,128000000,hCoV-19/Belgium/ULG-10137/2020|EPI_ISL_427382|2020-04-08|Europe
545,30,0.000687978142100087,634642.740664196,753356.088239413,641346.662420633,754753.6451414,0.1056052132756,0.1049172351335,2020.2643393443,2020.26502732244,128000000,hCoV-19/Belgium/ULG-10111/2020|EPI_ISL_427361|2020-04-07|Europe
546,554,0.05844331538,671978.603566403,648239.896406283,685250.587242751,669700.67757467,0.0703372351342,0.0118939197542,2020.17131602892,2020.2297593443,128000000,NA
546,547,0.000263315379300022,671978.603566403,648239.896406283,671977.600266632,648236.685337003,0.0121572351335,0.0118939197542,2020.17131602892,2020.1715793443,128000000,NA
547,550,0.05993,671977.600266632,648236.685337003,644837.242851274,735558.723552312,0.0720872351335,0.0121572351335,2020.1715793443,2020.2315093443,128000000,NA
547,548,0.0224800000000001,671977.600266632,648236.685337003,671974.950808765,648247.810138226,0.0346372351335,0.0121572351335,2020.1715793443,2020.1940593443,128000000,NA
548,549,0.0135799999999999,671974.950808765,648247.810138226,619891.556584525,661517.668105339,0.0482172351335,0.0346372351335,2020.1940593443,2020.2076393443,128000000,NA
548,31,0.03544885246,671974.950808765,648247.810138226,641179.454816536,629356.413866479,0.0700860875935,0.0346372351335,2020.1940593443,2020.22950819676,128000000,hCoV-19/Belgium/PJM-0325166/2020|EPI_ISL_420423|2020-03-25|Europe
549,32,0.00547540983600003,619891.556584525,661517.668105339,620263.251728087,659935.580323683,0.0536926449695,0.0482172351335,2020.2076393443,2020.21311475414,128000000,hCoV-19/Belgium/ULG-8595/2020|EPI_ISL_418634|2020-03-19|Europe
549,33,1.09289617700181e-05,619891.556584525,661517.668105339,619892.535603341,661517.349832789,0.04822816409527,0.0482172351335,2020.2076393443,2020.20765027326,128000000,hCoV-19/Belgium/ULG-7921/2020|EPI_ISL_447136|2020-03-17|Europe
550,551,0.0132,644837.242851274,735558.723552312,644849.605753684,735536.107773099,0.0852872351335,0.0720872351335,2020.2315093443,2020.2447093443,128000000,NA
550,552,0.0108999999999999,644837.242851274,735558.723552312,644844.377018646,735573.431340826,0.0829872351334999,0.0720872351335,2020.2315093443,2020.2424093443,128000000,NA
551,35,0.02578245902,644849.605753684,735536.107773099,639848.996921412,627161.459161564,0.1110696941535,0.0852872351335,2020.2447093443,2020.27049180332,128000000,SARS2-CoV/Belgium/Human/rega-0409562
551,34,0.00119229508200003,644849.605753684,735536.107773099,609128.636196752,639723.174779285,0.0864795302155,0.0852872351335,2020.2447093443,2020.24590163938,128000000,hCoV-19/Belgium/BD0331362/2020|EPI_ISL_462216|2020-03-31|Europe
552,36,0.1045851913,644844.377018646,735573.431340826,644866.18597885,735602.530896606,0.1875724264335,0.0829872351334999,2020.2424093443,2020.3469945356,128000000,hCoV-19/Belgium/ULG-10206/2020|EPI_ISL_484695|2020-05-07|Europe
552,553,0.11277,644844.377018646,735573.431340826,633903.354002155,733969.913988036,0.1957572351335,0.0829872351334999,2020.2424093443,2020.3551793443,128000000,NA
553,37,0.02186983607,633903.354002155,733969.913988036,636001.339161305,733409.470405932,0.2176270712035,0.1957572351335,2020.3551793443,2020.37704918037,128000000,hCoV-19/Belgium/ULG-10195/2020|EPI_ISL_471430|2020-05-18|Europe
553,38,1.19125681700138e-05,633903.354002155,733969.913988036,633903.518721289,733969.935838166,0.19576914770167,0.1957572351335,2020.3551793443,2020.35519125687,128000000,hCoV-19/Belgium/ULG-10190/2020|EPI_ISL_455978|2020-05-10|Europe
554,40,0.1882734426,685250.587242751,669700.67757467,676002.051598235,694871.647182943,0.2586106777342,0.0703372351342,2020.2297593443,2020.4180327869,128000000,SARS2-CoV/Belgium/Human/rega-0602697
554,39,0.00248109289599996,685250.587242751,669700.67757467,685249.429128792,669700.731846504,0.0728183280301999,0.0703372351342,2020.2297593443,2020.2322404372,128000000,hCoV-19/Belgium/Rega-0326261/2020|EPI_ISL_458231|2020-03-26|Europe
555,665,0.000349748036600039,671973.110019211,648231.354077038,671972.71768611,648230.136488414,0.0110089035502,0.0106591555136,2020.17008126468,2020.17043101272,128000000,NA
555,556,0.00146146679900006,671973.110019211,648231.354077038,671974.870642754,648228.353835315,0.0121206223126,0.0106591555136,2020.17008126468,2020.17154273148,128000000,NA
556,557,3.66128211399808e-05,671974.870642754,648228.353835315,671972.380879702,648227.687079075,0.01215723513374,0.0121206223126,2020.17154273148,2020.1715793443,128000000,NA
556,586,3.66128211399808e-05,671974.870642754,648228.353835315,671972.380879702,648227.687079075,0.01215723513374,0.0121206223126,2020.17154273148,2020.1715793443,128000000,NA
557,558,0.0174799999999999,671972.380879702,648227.687079075,647109.380456261,719904.096700652,0.0296372351337399,0.01215723513374,2020.1715793443,2020.1890593443,128000000,NA
557,568,0.01345523294,671972.380879702,648227.687079075,671981.856829089,648232.259253358,0.02561246807374,0.01215723513374,2020.1715793443,2020.18503457724,128000000,NA
558,559,0.0235000000000001,647109.380456261,719904.096700652,647136.000392025,719903.267180657,0.05313723513374,0.0296372351337399,2020.1890593443,2020.2125593443,128000000,NA
558,562,0.0112000000000001,647109.380456261,719904.096700652,645853.327713359,724635.514376958,0.04083723513374,0.0296372351337399,2020.1890593443,2020.2002593443,128000000,NA
559,41,0.04427125683,647136.000392025,719903.267180657,647205.116788928,719878.750528854,0.09740849196374,0.05313723513374,2020.2125593443,2020.25683060113,128000000,hCoV-19/Belgium/ULG-10077/2020|EPI_ISL_424642|2020-04-04|Europe
559,560,0.01147,647136.000392025,719903.267180657,658188.569359261,758925.093341478,0.06460723513374,0.05313723513374,2020.2125593443,2020.2240293443,128000000,NA
560,561,0.01602,658188.569359261,758925.093341478,653969.022782802,743217.150686363,0.08062723513374,0.06460723513374,2020.2240293443,2020.2400493443,128000000,NA
560,42,1.43715847499282e-05,658188.569359261,758925.093341478,658189.911709655,758925.546681184,0.0646216067184899,0.06460723513374,2020.2240293443,2020.22404371589,128000000,hCoV-19/Belgium/ULG-0189/2020|EPI_ISL_447129|2020-03-23|Europe
561,44,0.0249779781399999,653969.022782802,743217.150686363,653982.028004491,743217.150568046,0.10560521327374,0.08062723513374,2020.2400493443,2020.26502732244,128000000,hCoV-19/Belgium/ULG-10100/2020|EPI_ISL_427351|2020-04-07|Europe
561,43,0.01404901639,653969.022782802,743217.150686363,643034.030540462,741710.588381918,0.09467625152374,0.08062723513374,2020.2400493443,2020.25409836069,128000000,hCoV-19/Belgium/ULG-10081/2020|EPI_ISL_424640|2020-04-03|Europe
562,563,0.00946999999999998,645853.327713359,724635.514376958,642526.403448378,738166.0479565,0.05030723513374,0.04083723513374,2020.2002593443,2020.2097293443,128000000,NA
562,45,0.01558765027,645853.327713359,724635.514376958,645876.362000332,724645.816429685,0.05642488540374,0.04083723513374,2020.2002593443,2020.21584699457,128000000,hCoV-19/Belgium/ULG-10216/2020|EPI_ISL_484704|2020-03-20|Europe
563,565,0.00864879419999998,642526.403448378,738166.0479565,650161.350841973,740129.165210199,0.05895602933374,0.05030723513374,2020.2097293443,2020.2183781385,128000000,NA
563,564,0.01156,642526.403448378,738166.0479565,642695.778820036,738194.106940798,0.06186723513374,0.05030723513374,2020.2097293443,2020.2212893443,128000000,NA
564,47,2.21311476299446e-05,642695.778820036,738194.106940798,642693.373794547,738192.943492869,0.06188936628137,0.06186723513374,2020.2212893443,2020.22131147545,128000000,hCoV-19/Belgium/ULG-9716/2020|EPI_ISL_418657|2020-03-22|Europe
564,46,0.1257051913,642695.778820036,738194.106940798,631145.521591523,736134.396808679,0.18757242643374,0.06186723513374,2020.2212893443,2020.3469945356,128000000,hCoV-19/Belgium/ULG-10204/2020|EPI_ISL_484693|2020-05-07|Europe
565,567,0.000181205800300011,650161.350841973,740129.165210199,650121.594907564,740101.705448217,0.05913723513404,0.05895602933374,2020.2183781385,2020.2185593443,128000000,NA
565,566,0.000181205800300011,650161.350841973,740129.165210199,650121.594907564,740101.705448217,0.05913723513404,0.05895602933374,2020.2183781385,2020.2185593443,128000000,NA
566,49,0.02461005464,650121.594907564,740101.705448217,646454.331909914,740300.602423161,0.08374728977404,0.05913723513404,2020.2185593443,2020.24316939894,128000000,hCoV-19/Belgium/ULG-10040/2020|EPI_ISL_421208|2020-03-30|Europe
566,48,0.04100349727,650121.594907564,740101.705448217,650352.675215162,735836.282137348,0.10014073240404,0.05913723513404,2020.2185593443,2020.25956284157,128000000,hCoV-19/Belgium/ULG-10060/2020|EPI_ISL_424663|2020-04-05|Europe
567,51,1.98907102699764e-05,650121.594907564,740101.705448217,649944.528814386,740139.759482557,0.05915712584431,0.05913723513404,2020.2185593443,2020.21857923501,128000000,hCoV-19/Belgium/ULG-9558/2020|EPI_ISL_418645|2020-03-21|Europe
567,50,0.02461005464,650121.594907564,740101.705448217,641896.405894611,719904.194123305,0.08374728977404,0.05913723513404,2020.2185593443,2020.24316939894,128000000,hCoV-19/Belgium/ULG-10008/2020|EPI_ISL_421187|2020-03-30|Europe
568,569,0.000357078228300001,671981.856829089,648232.259253358,644722.415384132,734072.381591753,0.02596954630204,0.02561246807374,2020.18503457724,2020.18539165547,128000000,NA
568,572,0.000500771575400072,671981.856829089,648232.259253358,671998.043982422,648221.264684175,0.02611323964914,0.02561246807374,2020.18503457724,2020.18553534882,128000000,NA
569,570,0.000387688828900057,644722.415384132,734072.381591753,644722.234042144,734071.389287581,0.02635723513094,0.02596954630204,2020.18539165547,2020.1857793443,128000000,NA
569,571,0.000387688828900057,644722.415384132,734072.381591753,644722.234042144,734071.389287581,0.02635723513094,0.02596954630204,2020.18539165547,2020.1857793443,128000000,NA
570,53,0.0765157377,644722.234042144,734071.389287581,641165.075946999,733345.791361948,0.10287297283094,0.02635723513094,2020.1857793443,2020.262295082,128000000,hCoV-19/Belgium/ULG-10112/2020|EPI_ISL_427362|2020-04-06|Europe
570,52,0.03553213115,644722.234042144,734071.389287581,644826.45123558,734144.457837609,0.06188936628094,0.02635723513094,2020.1857793443,2020.22131147545,128000000,hCoV-19/Belgium/ULG-9739/2020|EPI_ISL_418663|2020-03-22|Europe
571,54,0.03553213115,644722.234042144,734071.389287581,648154.348561381,732749.220804395,0.06188936628094,0.02635723513094,2020.1857793443,2020.22131147545,128000000,hCoV-19/Belgium/ULG-9647/2020|EPI_ISL_418653|2020-03-22|Europe
571,55,1.30054645299804e-05,644722.234042144,734071.389287581,647804.216736068,740403.569021691,0.02637024059547,0.02635723513094,2020.1857793443,2020.18579234976,128000000,hCoV-19/Belgium/FAE-030948/2020|EPI_ISL_420445|2020-03-09|Europe
572,56,0.03031164575,671998.043982422,648221.264684175,670488.329831508,662346.975008787,0.05642488539914,0.02611323964914,2020.18553534882,2020.21584699457,128000000,hCoV-19/Belgium/Rega-0320258/2020|EPI_ISL_458228|2020-03-20|Europe
572,573,0.01200399548,671998.043982422,648221.264684175,671246.412749906,647291.134096175,0.03811723512914,0.02611323964914,2020.18553534882,2020.1975393443,128000000,NA
573,574,0.00190000000000001,671246.412749906,647291.134096175,614536.841115922,602355.547003922,0.04001723512914,0.03811723512914,2020.1975393443,2020.1994393443,128000000,NA
573,579,0.03195,671246.412749906,647291.134096175,648046.664363716,574693.244569317,0.07006723512914,0.03811723512914,2020.1975393443,2020.2294893443,128000000,NA
574,575,0.02955,614536.841115922,602355.547003922,650083.03780778,732532.49934137,0.06956723512914,0.04001723512914,2020.1994393443,2020.2289893443,128000000,NA
574,57,1.42076501600252e-05,614536.841115922,602355.547003922,645088.457407658,771865.343625033,0.0400314427793,0.04001723512914,2020.1994393443,2020.19945355195,128000000,hCoV-19/Belgium/ULG-6839/2020|EPI_ISL_447120|2020-03-14|Europe
575,576,0.00189000000000006,650083.03780778,732532.49934137,650087.171193279,732539.096258119,0.07145723512914,0.06956723512914,2020.2289893443,2020.2308793443,128000000,NA
575,58,0.01964453552,650083.03780778,732532.49934137,658101.889258009,702730.794501813,0.08921177064914,0.06956723512914,2020.2289893443,2020.24863387982,128000000,hCoV-19/Belgium/LPJ-0401364/2020|EPI_ISL_462218|2020-04-01|Europe
576,578,0.0115999999999999,650087.171193279,732539.096258119,655374.832749492,660103.203580807,0.08305723512914,0.07145723512914,2020.2308793443,2020.2424793443,128000000,NA
576,577,0.03413,650087.171193279,732539.096258119,650105.821862683,732539.561177261,0.10558723512914,0.07145723512914,2020.2308793443,2020.2650093443,128000000,NA
577,60,0.0300726229499999,650105.821862683,732539.561177261,645833.108459581,736429.002158018,0.13565985807914,0.10558723512914,2020.2650093443,2020.29508196725,128000000,hCoV-19/Belgium/ULG-10159/2020|EPI_ISL_447154|2020-04-18|Europe
577,59,1.7978142099917e-05,650105.821862683,732539.561177261,650406.029108391,732760.896505495,0.10560521327124,0.10558723512914,2020.2650093443,2020.26502732244,128000000,hCoV-19/Belgium/ULG-10119/2020|EPI_ISL_427367|2020-04-07|Europe
578,62,0.02254797814,655374.832749492,660103.203580807,645884.983329643,737455.926964558,0.10560521326914,0.08305723512914,2020.2424793443,2020.26502732244,128000000,hCoV-19/Belgium/ULG-10128/2020|EPI_ISL_427374|2020-04-07|Europe
578,61,0.00342229508199998,655374.832749492,660103.203580807,655333.446528708,660078.500961197,0.08647953021114,0.08305723512914,2020.2424793443,2020.24590163938,128000000,hCoV-19/Belgium/SN-0331360/2020|EPI_ISL_462214|2020-03-31|Europe
579,580,0.0133599999999999,648046.664363716,574693.244569317,636336.470219738,596286.377342694,0.08342723512914,0.07006723512914,2020.2294893443,2020.2428493443,128000000,NA
579,63,1.88524590098993e-05,648046.664363716,574693.244569317,648048.742755123,574695.504266685,0.0700860875881499,0.07006723512914,2020.2294893443,2020.22950819676,128000000,hCoV-19/Belgium/ZF-0325152/2020|EPI_ISL_420409|2020-03-25|Europe
580,64,0.03310693989,636336.470219738,596286.377342694,640206.979469496,579480.099160425,0.11653417501914,0.08342723512914,2020.2428493443,2020.27595628419,128000000,hCoV-19/Belgium/rega-0411451/2020|EPI_ISL_476961|2020-04-11|Europe
580,581,0.000960000000000072,636336.470219738,596286.377342694,636077.630088947,596426.772349703,0.08438723512914,0.08342723512914,2020.2428493443,2020.2438093443,128000000,NA
581,583,0.0205299999999999,636077.630088947,596426.772349703,636024.398224778,596442.059131906,0.10491723512914,0.08438723512914,2020.2438093443,2020.2643393443,128000000,NA
581,582,0.04853,636077.630088947,596426.772349703,638848.245351309,595729.577743949,0.13291723512914,0.08438723512914,2020.2438093443,2020.2923393443,128000000,NA
582,65,1.03825135899793e-05,638848.245351309,595729.577743949,638847.508148071,595729.736588254,0.13292761764273,0.13291723512914,2020.2923393443,2020.29234972681,128000000,SARS2-CoV/Belgium/Human/rega-0417520
582,66,1.03825135899793e-05,638848.245351309,595729.577743949,675227.035585918,661540.747514526,0.13292761764273,0.13291723512914,2020.2923393443,2020.29234972681,128000000,SARS2-CoV/Belgium/Human/rega-0417521
583,67,0.00342021857899999,636024.398224778,596442.059131906,634860.631350145,598550.127373297,0.10833745370814,0.10491723512914,2020.2643393443,2020.26775956288,128000000,hCoV-19/Belgium/AA-0408412/2020|EPI_ISL_462266|2020-04-08|Europe
583,584,0.000960000000000072,636024.398224778,596442.059131906,636077.630088947,596426.772349703,0.10587723512914,0.10491723512914,2020.2643393443,2020.2652993443,128000000,NA
584,68,0.00246021857899992,636077.630088947,596426.772349703,636081.501585005,596421.98031276,0.10833745370814,0.10587723512914,2020.2652993443,2020.26775956288,128000000,hCoV-19/Belgium/PS-0408413/2020|EPI_ISL_462267|2020-04-08|Europe
584,585,0.00708999999999993,636077.630088947,596426.772349703,660044.911389989,566673.352456815,0.11296723512914,0.10587723512914,2020.2652993443,2020.2723893443,128000000,NA
585,69,0.00356693989099999,660044.911389989,566673.352456815,659993.678988003,566664.350826008,0.11653417502014,0.11296723512914,2020.2723893443,2020.27595628419,128000000,hCoV-19/Belgium/rega-0411455/2020|EPI_ISL_476965|2020-04-11|Europe
585,70,0.00356693989099999,660044.911389989,566673.352456815,647867.618260673,609982.649789011,0.11653417502014,0.11296723512914,2020.2723893443,2020.27595628419,128000000,hCoV-19/Belgium/rega-0411450/2020|EPI_ISL_476960|2020-04-11|Europe
586,587,0.02611183147,671972.380879702,648227.687079075,669335.979082295,654880.783931683,0.03826906660374,0.01215723513374,2020.1715793443,2020.19769117577,128000000,NA
586,619,0.03435482825,671972.380879702,648227.687079075,627190.512588563,619330.883819516,0.04651206338374,0.01215723513374,2020.1715793443,2020.20593417255,128000000,NA
587,593,0.000768168528800017,669335.979082295,654880.783931683,669336.217297034,654879.831970047,0.03903723513254,0.03826906660374,2020.19769117577,2020.1984593443,128000000,NA
587,588,0.000768168528800017,669335.979082295,654880.783931683,669336.217297034,654879.831970047,0.03903723513254,0.03826906660374,2020.19769117577,2020.1984593443,128000000,NA
588,589,0.0325800000000001,669336.217297034,654879.831970047,645628.917935396,739852.329266036,0.07161723513254,0.03903723513254,2020.1984593443,2020.2310393443,128000000,NA
588,71,0.03104885246,669336.217297034,654879.831970047,669288.170071413,654868.814580431,0.07008608759254,0.03903723513254,2020.1984593443,2020.22950819676,128000000,hCoV-19/Belgium/OS-0325137/2020|EPI_ISL_420394|2020-03-25|Europe
589,72,0.0121300546399999,645628.917935396,739852.329266036,639703.748089109,721399.393561605,0.08374728977254,0.07161723513254,2020.2310393443,2020.24316939894,128000000,hCoV-19/Belgium/ULG-10047/2020|EPI_ISL_421214|2020-03-30|Europe
589,590,0.00883999999999996,645628.917935396,739852.329266036,645630.078807615,739859.430298154,0.08045723513254,0.07161723513254,2020.2310393443,2020.2398793443,128000000,NA
590,591,0.00328000000000006,645630.078807615,739859.430298154,642036.862474443,755210.053694852,0.0837372351325401,0.08045723513254,2020.2398793443,2020.2431593443,128000000,NA
590,73,0.05520262295,645630.078807615,739859.430298154,645613.559587432,739875.60061078,0.13565985808254,0.08045723513254,2020.2398793443,2020.29508196725,128000000,hCoV-19/Belgium/ULG-10154/2020|EPI_ISL_447150|2020-04-18|Europe
591,592,0.000369999999999981,642036.862474443,755210.053694852,642029.298824194,755197.57158813,0.08410723513254,0.0837372351325401,2020.2431593443,2020.2435293443,128000000,NA
591,74,1.00546448599248e-05,642036.862474443,755210.053694852,654688.41446846,735799.733781555,0.0837472897774,0.0837372351325401,2020.2431593443,2020.24316939895,128000000,hCoV-19/Belgium/ULG-10038/2020|EPI_ISL_427346|2020-03-30|Europe
592,76,0.05155262295,642029.298824194,755197.57158813,644535.103896559,729947.883055654,0.13565985808254,0.08410723513254,2020.2435293443,2020.29508196725,128000000,hCoV-19/Belgium/ULG-10152/2020|EPI_ISL_447140|2020-04-18|Europe
592,75,0.00237229508199999,642029.298824194,755197.57158813,642031.875571751,755210.901208138,0.08647953021454,0.08410723513254,2020.2435293443,2020.24590163938,128000000,hCoV-19/Belgium/ULG-10033/2020|EPI_ISL_421207|2020-03-31|Europe
593,603,0.01237759303,669336.217297034,654879.831970047,655799.892470727,651150.92830031,0.0514148281625399,0.03903723513254,2020.1984593443,2020.21083693733,128000000,NA
593,594,0.00553999999999999,669336.217297034,654879.831970047,669422.650939018,654922.209148933,0.04457723513254,0.03903723513254,2020.1984593443,2020.2039993443,128000000,NA
594,595,0.00183,669422.650939018,654922.209148933,643555.179437792,724698.309174602,0.04640723513254,0.04457723513254,2020.2039993443,2020.2058293443,128000000,NA
594,77,0.0337055737700001,669422.650939018,654922.209148933,620952.450216132,608320.394586748,0.07828280890254,0.04457723513254,2020.2039993443,2020.23770491807,128000000,hCoV-19/Belgium/Rega-0328191/2020|EPI_ISL_458161|2020-03-28|Europe
595,78,0.08652038251,643555.179437792,724698.309174602,653250.383973348,629930.917334506,0.13292761764254,0.04640723513254,2020.2058293443,2020.29234972681,128000000,SARS2-CoV/Belgium/Human/rega-0417514
595,596,0.00180999999999998,643555.179437792,724698.309174602,626606.250462766,607240.879952945,0.0482172351325399,0.04640723513254,2020.2058293443,2020.2076393443,128000000,NA
596,79,1.09289617700181e-05,626606.250462766,607240.879952945,643554.437217722,724694.973852333,0.04822816409431,0.0482172351325399,2020.2076393443,2020.20765027326,128000000,hCoV-19/Belgium/ULG-7729/2020|EPI_ISL_418630|2020-03-17|Europe
596,597,0.0117200000000001,626606.250462766,607240.879952945,643539.094571076,724683.623546565,0.05993723513254,0.0482172351325399,2020.2076393443,2020.2193593443,128000000,NA
597,600,0.00822999999999996,643539.094571076,724683.623546565,620766.704643809,674034.687848347,0.06816723513254,0.05993723513254,2020.2193593443,2020.2275893443,128000000,NA
597,598,0.00193999999999994,643539.094571076,724683.623546565,645640.330588742,735934.63619277,0.06187723513254,0.05993723513254,2020.2193593443,2020.2212993443,128000000,NA
598,80,1.21311476299901e-05,645640.330588742,735934.63619277,645639.969848886,735934.328672836,0.0618893662801699,0.06187723513254,2020.2212993443,2020.22131147545,128000000,hCoV-19/Belgium/ULG-9715/2020|EPI_ISL_418656|2020-03-22|Europe
598,599,0.03825,645640.330588742,735934.63619277,639374.264424315,732788.124023222,0.10012723513254,0.06187723513254,2020.2212993443,2020.2595493443,128000000,NA
599,82,0.00274573770499997,639374.264424315,732788.124023222,647589.934073726,738177.533100263,0.10287297283754,0.10012723513254,2020.2595493443,2020.26229508201,128000000,hCoV-19/Belgium/ULG-10099/2020|EPI_ISL_427350|2020-04-06|Europe
599,81,1.34972676200107e-05,639374.264424315,732788.124023222,639373.197141766,732787.79729451,0.10014073240016,0.10012723513254,2020.2595493443,2020.25956284157,128000000,hCoV-19/Belgium/ULG-10062/2020|EPI_ISL_424664|2020-04-05|Europe
600,601,0.00190000000000001,620766.704643809,674034.687848347,614536.841115922,602355.547003922,0.07006723513254,0.06816723513254,2020.2275893443,2020.2294893443,128000000,NA
600,602,0.00192000000000003,620766.704643809,674034.687848347,620767.730401972,674037.955871517,0.07008723513254,0.06816723513254,2020.2275893443,2020.2295093443,128000000,NA
601,83,0.02187677596,614536.841115922,602355.547003922,627331.126731692,658647.866642307,0.09194401109254,0.07006723513254,2020.2294893443,2020.25136612026,128000000,hCoV-19/Belgium/MG-0402383/2020|EPI_ISL_462237|2020-04-02|Europe
601,84,1.88524590100103e-05,614536.841115922,602355.547003922,620766.486971477,674016.298665996,0.07008608759155,0.07006723513254,2020.2294893443,2020.22950819676,128000000,hCoV-19/Belgium/SC-0325380/2020|EPI_ISL_462234|2020-03-25|Europe
602,86,0.06557262295,620767.730401972,674037.955871517,631940.94445248,758984.75332416,0.13565985808254,0.07008723513254,2020.2295093443,2020.29508196725,128000000,hCoV-19/Belgium/ULG-10162/2020|EPI_ISL_447156|2020-04-18|Europe
602,85,0.06284038251,620767.730401972,674037.955871517,629914.060673368,626147.352861871,0.13292761764254,0.07008723513254,2020.2295093443,2020.29234972681,128000000,SARS2-CoV/Belgium/Human/rega-0417508
603,604,0.000670715476900008,655799.892470727,651150.92830031,655799.510490922,651151.472136748,0.05208554363944,0.0514148281625399,2020.21083693733,2020.21150765281,128000000,NA
603,610,0.00072727163480002,655799.892470727,651150.92830031,655809.709028985,651141.127638151,0.05214209979734,0.0514148281625399,2020.21083693733,2020.21156420897,128000000,NA
604,605,0.0105816915,655799.510490922,651151.472136748,655794.67808014,651148.548247773,0.0626672351394399,0.05208554363944,2020.21150765281,2020.22208934431,128000000,NA
604,609,0.000611691497300004,655799.510490922,651151.472136748,655798.788384652,651150.949119578,0.05269723513674,0.05208554363944,2020.21150765281,2020.2121193443,128000000,NA
605,606,0.00194000000000005,655794.67808014,651148.548247773,655792.062939031,651148.654582845,0.06460723513944,0.0626672351394399,2020.22208934431,2020.22402934431,128000000,NA
605,607,0.00909000000000004,655794.67808014,651148.548247773,643913.948486421,632246.631546103,0.07175723513944,0.0626672351394399,2020.22208934431,2020.23117934431,128000000,NA
606,88,0.00274661202199999,655792.062939031,651148.654582845,639488.409269232,601486.592118517,0.06735384716144,0.06460723513944,2020.22402934431,2020.22677595633,128000000,hCoV-19/Belgium/CK-0324150/2020|EPI_ISL_420407|2020-03-24|Europe
606,87,1.43715847500392e-05,655792.062939031,651148.654582845,655792.425600816,651149.243637695,0.06462160672419,0.06460723513944,2020.22402934431,2020.22404371589,128000000,hCoV-19/Belgium/NA-0323141/2020|EPI_ISL_420398|2020-03-23|Europe
607,608,0.00875999999999999,643913.948486421,632246.631546103,643925.804938813,632247.34740134,0.08051723513944,0.07175723513944,2020.23117934431,2020.23993934431,128000000,NA
607,89,0.0338479781400001,643913.948486421,632246.631546103,652565.737091897,633307.969960517,0.10560521327944,0.07175723513944,2020.23117934431,2020.26502732245,128000000,hCoV-19/Belgium/rega-0407282/2020|EPI_ISL_464076|2020-04-07|Europe
608,91,0.03601693989,643925.804938813,632247.34740134,643944.84488343,632300.065290362,0.11653417502944,0.08051723513944,2020.23993934431,2020.2759562842,128000000,hCoV-19/Belgium/rega-0411464/2020|EPI_ISL_476974|2020-04-11|Europe
608,90,0.03055245902,643925.804938813,632247.34740134,614711.07809861,717247.061643095,0.11106969415944,0.08051723513944,2020.23993934431,2020.27049180333,128000000,SARS2-CoV/Belgium/Human/rega-0409569
609,93,0.02558557377,655798.788384652,651150.949119578,674124.972309137,648117.99591074,0.07828280890674,0.05269723513674,2020.2121193443,2020.23770491807,128000000,hCoV-19/Belgium/Rega-0328205/2020|EPI_ISL_458175|2020-03-28|Europe
609,92,0.0228533333300001,655798.788384652,651150.949119578,645760.473422145,626849.953539186,0.07555056846674,0.05269723513674,2020.2121193443,2020.23497267763,128000000,hCoV-19/Belgium/Rega-0327212/2020|EPI_ISL_458182|2020-03-27|Europe
610,611,0.000555135339500024,655809.709028985,651141.127638151,655810.008275623,651141.212378777,0.05269723513684,0.05214209979734,2020.21156420897,2020.2121193443,128000000,NA
610,615,0.000555135339500024,655809.709028985,651141.127638151,655810.008275623,651141.212378777,0.05269723513684,0.05214209979734,2020.21156420897,2020.2121193443,128000000,NA
611,612,0.05289,655810.008275623,651141.212378777,660192.743103674,753800.354434733,0.10558723513684,0.05269723513684,2020.2121193443,2020.2650093443,128000000,NA
611,613,0.0107200000000001,655810.008275623,651141.212378777,620468.362292096,658596.803925969,0.0634172351368401,0.05269723513684,2020.2121193443,2020.2228393443,128000000,NA
612,94,1.7978142100028e-05,660192.743103674,753800.354434733,660197.933990343,753810.00696641,0.10560521327894,0.10558723513684,2020.2650093443,2020.26502732245,128000000,hCoV-19/Belgium/ULG-10143/2020|EPI_ISL_427387|2020-04-07|Europe
612,95,1.7978142100028e-05,660192.743103674,753800.354434733,646447.376739118,762486.438796757,0.10560521327894,0.10558723513684,2020.2650093443,2020.26502732245,128000000,hCoV-19/Belgium/ULG-10122/2020|EPI_ISL_427370|2020-04-07|Europe
613,96,0.00666885245899995,620468.362292096,658596.803925969,620559.520838851,658631.121622694,0.07008608759584,0.0634172351368401,2020.2228393443,2020.22950819676,128000000,hCoV-19/Belgium/DCS-0325158/2020|EPI_ISL_420415|2020-03-25|Europe
613,614,0.00391999999999992,620468.362292096,658596.803925969,625350.543111466,655644.801388467,0.06733723513684,0.0634172351368401,2020.2228393443,2020.2267593443,128000000,NA
614,97,1.66120218800803e-05,625350.543111466,655644.801388467,625349.182439817,655642.39768238,0.0673538471587201,0.06733723513684,2020.2267593443,2020.22677595633,128000000,hCoV-19/Belgium/GLA-0324179/2020|EPI_ISL_420436|2020-03-24|Europe
614,98,1.66120218800803e-05,625350.543111466,655644.801388467,640255.60765842,612064.429735706,0.0673538471587201,0.06733723513684,2020.2267593443,2020.22677595633,128000000,hCoV-19/Belgium/NKMA-0324172/2020|EPI_ISL_420429|2020-03-24|Europe
615,618,0.00612999999999997,655810.008275623,651141.212378777,669504.62214167,650518.636645324,0.05882723513684,0.05269723513684,2020.2121193443,2020.2182493443,128000000,NA
615,616,0.01737,655810.008275623,651141.212378777,639846.487419995,654627.856167547,0.07006723513684,0.05269723513684,2020.2121193443,2020.2294893443,128000000,NA
616,617,0.0765,639846.487419995,654627.856167547,638801.024236038,595496.215419931,0.14656723513684,0.07006723513684,2020.2294893443,2020.3059893443,128000000,NA
616,99,1.88524590100103e-05,639846.487419995,654627.856167547,639847.759280894,654628.417759146,0.07008608759585,0.07006723513684,2020.2294893443,2020.22950819676,128000000,hCoV-19/Belgium/EC-0325128/2020|EPI_ISL_420385|2020-03-25|Europe
617,100,0.04100519126,638801.024236038,595496.215419931,638819.510820263,595499.839128228,0.18757242639684,0.14656723513684,2020.3059893443,2020.34699453556,128000000,SARS2-CoV/Belgium/Human/rega-0507537
617,101,2.15846994500168e-05,638801.024236038,595496.215419931,632928.03539358,596346.680599125,0.14658881983629,0.14656723513684,2020.3059893443,2020.306010929,128000000,SARS2-CoV/Belgium/Human/rega-0422587
618,102,0.09049382514,669504.62214167,650518.636645324,676836.68446613,656614.786629166,0.14932106027684,0.05882723513684,2020.2182493443,2020.30874316944,128000000,SARS2-CoV/Belgium/Human/rega-0423595
618,103,0.0577069398900001,669504.62214167,650518.636645324,669470.580490853,650498.208137852,0.11653417502684,0.05882723513684,2020.2182493443,2020.27595628419,128000000,hCoV-19/Belgium/rega-0411465/2020|EPI_ISL_476975|2020-04-11|Europe
619,620,0.000350525558899917,627190.512588563,619330.883819516,627192.611269484,619331.528488915,0.0468625889426399,0.04651206338374,2020.20593417255,2020.20628469811,128000000,NA
619,623,0.00115655679100002,627190.512588563,619330.883819516,627190.510255725,619334.425320908,0.0476686201747401,0.04651206338374,2020.20593417255,2020.20709072934,128000000,NA
620,622,0.000884646189300065,627192.611269484,619331.528488915,627200.603849735,619335.430993953,0.04774723513194,0.0468625889426399,2020.20628469811,2020.2071693443,128000000,NA
620,621,0.000884646189300065,627192.611269484,619331.528488915,627200.603849735,619335.430993953,0.04774723513194,0.0468625889426399,2020.20628469811,2020.2071693443,128000000,NA
621,105,0.03053557377,627200.603849735,619335.430993953,621064.486512271,614031.32030474,0.0782828089019401,0.04774723513194,2020.2071693443,2020.23770491807,128000000,hCoV-19/Belgium/Rega-0328202/2020|EPI_ISL_458172|2020-03-28|Europe
621,104,0.01960661202,627200.603849735,619335.430993953,664656.087155633,656870.926633311,0.06735384715194,0.04774723513194,2020.2071693443,2020.22677595632,128000000,hCoV-19/Belgium/UNJP-0324125/2020|EPI_ISL_420382|2020-03-24|Europe
622,107,0.03326781421,627200.603849735,619335.430993953,632697.925530213,613851.264100987,0.08101504934194,0.04774723513194,2020.2071693443,2020.24043715851,128000000,hCoV-19/Belgium/Rega-0329227/2020|EPI_ISL_458197|2020-03-29|Europe
622,106,0.03326781421,627200.603849735,619335.430993953,617704.452430149,625018.356747782,0.08101504934194,0.04774723513194,2020.2071693443,2020.24043715851,128000000,hCoV-19/Belgium/Rega-0329220/2020|EPI_ISL_458190|2020-03-29|Europe
623,625,7.86149575099371e-05,627190.510255725,619334.425320908,627192.605405571,619337.018734833,0.04774723513225,0.0476686201747401,2020.20709072934,2020.2071693443,128000000,NA
623,624,7.86149575099371e-05,627190.510255725,619334.425320908,627192.605405571,619337.018734833,0.04774723513225,0.0476686201747401,2020.20709072934,2020.2071693443,128000000,NA
624,108,0.03600005464,627192.605405571,619337.018734833,660372.602576126,649062.610844084,0.08374728977225,0.04774723513225,2020.2071693443,2020.24316939894,128000000,hCoV-19/Belgium/Rega-0330253/2020|EPI_ISL_458223|2020-03-30|Europe
624,109,0.03053557377,627192.605405571,619337.018734833,627282.966838303,623014.067542656,0.07828280890225,0.04774723513225,2020.2071693443,2020.23770491807,128000000,hCoV-19/Belgium/Rega-0328199/2020|EPI_ISL_458169|2020-03-28|Europe
625,626,0.00738000000000005,627192.605405571,619337.018734833,627192.323077428,619333.8772488,0.05512723513225,0.04774723513225,2020.2071693443,2020.2145493443,128000000,NA
625,633,0.01298,627192.605405571,619337.018734833,627153.066933809,619307.09268862,0.06072723513225,0.04774723513225,2020.2071693443,2020.2201493443,128000000,NA
626,110,0.02588781421,627192.323077428,619333.8772488,637853.323877498,599632.464283363,0.08101504934225,0.05512723513225,2020.2145493443,2020.24043715851,128000000,hCoV-19/Belgium/Rega-0329235/2020|EPI_ISL_458205|2020-03-29|Europe
626,627,0.00545335754199994,627192.323077428,619333.8772488,627220.447273264,619343.846083017,0.06058059267425,0.05512723513225,2020.2145493443,2020.22000270184,128000000,NA
627,629,0.000936642457699977,627220.447273264,619343.846083017,627222.811449392,619341.495793789,0.06151723513195,0.06058059267425,2020.22000270184,2020.2209393443,128000000,NA
627,628,0.000936642457699977,627220.447273264,619343.846083017,627222.811449392,619341.495793789,0.06151723513195,0.06058059267425,2020.22000270184,2020.2209393443,128000000,NA
628,112,0.0194978142100001,627222.811449392,619341.495793789,618509.383049891,614767.49215859,0.08101504934195,0.06151723513195,2020.2209393443,2020.24043715851,128000000,hCoV-19/Belgium/Rega-0329226/2020|EPI_ISL_458196|2020-03-29|Europe
628,111,0.0167655737700001,627222.811449392,619341.495793789,627573.538809747,617230.912964919,0.0782828089019501,0.06151723513195,2020.2209393443,2020.23770491807,128000000,hCoV-19/Belgium/Rega-0328193/2020|EPI_ISL_458163|2020-03-28|Europe
629,630,0.00202000000000002,627222.811449392,619341.495793789,627453.788693867,620458.815835071,0.06353723513195,0.06151723513195,2020.2209393443,2020.2229593443,128000000,NA
629,113,0.0222300546400001,627222.811449392,619341.495793789,636835.652856282,594299.713584904,0.08374728977195,0.06151723513195,2020.2209393443,2020.24316939894,128000000,hCoV-19/Belgium/Rega-0330248/2020|EPI_ISL_458218|2020-03-30|Europe
630,114,0.0420679781400001,627453.788693867,620458.815835071,633351.284417355,621468.076613639,0.10560521327195,0.06353723513195,2020.2229593443,2020.26502732244,128000000,hCoV-19/Belgium/rega-0407283/2020|EPI_ISL_464077|2020-04-07|Europe
630,631,0.00194000000000005,627453.788693867,620458.815835071,655792.062939031,651148.654582845,0.06547723513195,0.06353723513195,2020.2229593443,2020.2248993443,128000000,NA
631,115,0.0128055737699999,655792.062939031,651148.654582845,629656.290638447,637477.827814612,0.0782828089019499,0.06547723513195,2020.2248993443,2020.23770491807,128000000,hCoV-19/Belgium/Rega-0328192/2020|EPI_ISL_458162|2020-03-28|Europe
631,632,0.00186999999999993,655792.062939031,651148.654582845,627492.003533888,620866.119412581,0.06734723513195,0.06547723513195,2020.2248993443,2020.2267693443,128000000,NA
632,117,0.01093557377,627492.003533888,620866.119412581,632922.702266147,612263.296391795,0.0782828089019499,0.06734723513195,2020.2267693443,2020.23770491807,128000000,hCoV-19/Belgium/Rega-0328197/2020|EPI_ISL_458167|2020-03-28|Europe
632,116,6.61202187901555e-06,627492.003533888,620866.119412581,627499.406883401,620870.313053909,0.067353847153829,0.06734723513195,2020.2267693443,2020.22677595632,128000000,hCoV-19/Belgium/CCM-0324167/2020|EPI_ISL_420424|2020-03-24|Europe
633,640,0.00472000000000006,627153.066933809,619307.09268862,627169.498050298,619311.095591715,0.06544723513225,0.06072723513225,2020.2201493443,2020.2248693443,128000000,NA
633,634,0.00195000000000001,627153.066933809,619307.09268862,621567.847310999,612579.46206581,0.06267723513225,0.06072723513225,2020.2201493443,2020.2220993443,128000000,NA
634,635,0.00194000000000005,621567.847310999,612579.46206581,655792.062939031,651148.654582845,0.06461723513225,0.06267723513225,2020.2220993443,2020.2240393443,128000000,NA
634,636,0.00934999999999997,621567.847310999,612579.46206581,621902.508390471,613575.211888227,0.07202723513225,0.06267723513225,2020.2220993443,2020.2314493443,128000000,NA
635,118,4.37158475297128e-06,655792.062939031,651148.654582845,621568.33262441,612576.979852063,0.064621606717003,0.06461723513225,2020.2240393443,2020.22404371588,128000000,hCoV-19/Belgium/GM-0323139/2020|EPI_ISL_420396|2020-03-23|Europe
635,119,0.00273661202199993,655792.062939031,651148.654582845,623007.094812354,613748.583155069,0.06735384715425,0.06461723513225,2020.2240393443,2020.22677595632,128000000,hCoV-19/Belgium/BEG-0324149/2020|EPI_ISL_420406|2020-03-24|Europe
636,639,2.000000000002e-05,621902.508390471,613575.211888227,621902.55064071,613575.780258264,0.07204723513225,0.07202723513225,2020.2314493443,2020.2314693443,128000000,NA
636,637,0.00851000000000002,621902.508390471,613575.211888227,624311.360540886,621234.41535287,0.08053723513225,0.07202723513225,2020.2314493443,2020.2399593443,128000000,NA
637,120,0.03053245902,624311.360540886,621234.41535287,670721.903565004,658069.488477554,0.11106969415225,0.08053723513225,2020.2399593443,2020.27049180332,128000000,hCoV-19/Belgium/DJ-0409407/2020|EPI_ISL_462261|2020-04-09|Europe
637,638,0.0408200000000001,624311.360540886,621234.41535287,624374.733599209,621249.406347378,0.12135723513225,0.08053723513225,2020.2399593443,2020.2807793443,128000000,NA
638,122,0.00337366120199989,624374.733599209,621249.406347378,624388.84604339,621257.303481925,0.12473089633425,0.12135723513225,2020.2807793443,2020.2841530055,128000000,SARS2-CoV/Belgium/Human/rega-0414580
638,121,0.0170348633899999,624374.733599209,621249.406347378,624444.247033575,617209.541086449,0.13839209852225,0.12135723513225,2020.2807793443,2020.29781420769,128000000,SARS2-CoV/Belgium/Human/rega-0419534
639,124,0.00623557377000006,621902.55064071,613575.780258264,621901.358125186,613585.673031973,0.07828280890225,0.07204723513225,2020.2314693443,2020.23770491807,128000000,hCoV-19/Belgium/Rega-0328190/2020|EPI_ISL_458160|2020-03-28|Europe
639,123,0.03629021858,621902.55064071,613575.780258264,616800.770828654,614327.692742249,0.10833745371225,0.07204723513225,2020.2314693443,2020.26775956288,128000000,hCoV-19/Belgium/HC-0408293/2020|EPI_ISL_464087|2020-04-08|Europe
640,641,0.0018999999999999,627169.498050298,619311.095591715,627186.333988683,619316.863043516,0.0673472351322499,0.06544723513225,2020.2248693443,2020.2267693443,128000000,NA
640,642,0.00413999999999992,627169.498050298,619311.095591715,627173.152907892,619316.972742582,0.06958723513225,0.06544723513225,2020.2248693443,2020.2290093443,128000000,NA
641,125,6.61202187901555e-06,627186.333988683,619316.863043516,627186.157016983,619316.590346355,0.067353847154129,0.0673472351322499,2020.2267693443,2020.22677595632,128000000,hCoV-19/Belgium/GMJ-0324132/2020|EPI_ISL_420389|2020-03-24|Europe
641,126,0.00273885245900007,627186.333988683,619316.863043516,626037.907440068,616155.701757653,0.07008608759125,0.0673472351322499,2020.2267693443,2020.22950819676,128000000,hCoV-19/Belgium/DPG-0325123/2020|EPI_ISL_420380|2020-03-25|Europe
642,644,0.01262737956,627173.152907892,619316.972742582,633841.448132695,592391.789763757,0.08221461469225,0.06958723513225,2020.2290093443,2020.24163672386,128000000,NA
642,643,0.01096126042,627173.152907892,619316.972742582,631816.730477938,627303.430654246,0.08054849555225,0.06958723513225,2020.2290093443,2020.23997060472,128000000,NA
643,127,0.000466553788500024,631816.730477938,627303.430654246,635225.463659503,606299.134385672,0.08101504934075,0.08054849555225,2020.23997060472,2020.24043715851,128000000,hCoV-19/Belgium/Rega-0329229/2020|EPI_ISL_458199|2020-03-29|Europe
643,128,0.000466553788500024,631816.730477938,627303.430654246,631817.134861771,627301.007218296,0.08101504934075,0.08054849555225,2020.23997060472,2020.24043715851,128000000,hCoV-19/Belgium/Rega-0329222/2020|EPI_ISL_458192|2020-03-29|Europe
644,645,0.03659079155,633841.448132695,592391.789763757,633851.342284569,592416.383636319,0.11880540624225,0.08221461469225,2020.24163672386,2020.27822751541,128000000,NA
644,660,0.000442620442499986,633841.448132695,592391.789763757,633845.879607673,592395.796095229,0.08265723513475,0.08221461469225,2020.24163672386,2020.2420793443,128000000,NA
645,647,0.000101828888700028,633851.342284569,592416.383636319,633851.824861952,592414.933696613,0.11890723513095,0.11880540624225,2020.27822751541,2020.2783293443,128000000,NA
645,646,0.000101828888700028,633851.342284569,592416.383636319,633851.824861952,592414.933696613,0.11890723513095,0.11880540624225,2020.27822751541,2020.2783293443,128000000,NA
646,129,0.04407502732,633851.824861952,592414.933696613,633836.323326125,592377.940220974,0.16298226245095,0.11890723513095,2020.2783293443,2020.32240437162,128000000,hCoV-19/Belgium/rega-0428427/2020|EPI_ISL_476994|2020-04-28|Europe
646,130,0.0550039890699999,633851.824861952,592414.933696613,634138.48131021,602228.841367775,0.17391122420095,0.11890723513095,2020.2783293443,2020.33333333337,128000000,SARS2-CoV/Belgium/Human/rega-0502638
647,652,0.03686,633851.824861952,592414.933696613,633890.318261528,592461.775081288,0.15576723513095,0.11890723513095,2020.2783293443,2020.3151893443,128000000,NA
647,648,0.0386099999999999,633851.824861952,592414.933696613,648040.221566689,572182.403269793,0.15751723513095,0.11890723513095,2020.2783293443,2020.3169393443,128000000,NA
648,131,5.46447951998985e-07,648040.221566689,572182.403269793,648040.183193753,572182.165573966,0.157517781578902,0.15751723513095,2020.3169393443,2020.31693989075,128000000,SARS2-CoV/Belgium/Human/rega-0426603
648,649,0.00273000000000012,648040.221566689,572182.403269793,650121.529256413,573446.959195344,0.16024723513095,0.15751723513095,2020.3169393443,2020.3196693443,128000000,NA
649,132,2.78688530497284e-06,650121.529256413,573446.959195344,650121.070113698,573447.011798954,0.160250022016255,0.16024723513095,2020.3196693443,2020.31967213118,128000000,SARS2-CoV/Belgium/Human/rega-0427616
649,650,0.00545999999999991,650121.529256413,573446.959195344,645479.872393683,578521.600673813,0.16570723513095,0.16024723513095,2020.3196693443,2020.3251293443,128000000,NA
650,133,7.26775955806058e-06,645479.872393683,578521.600673813,659566.010394633,571265.632494576,0.165714502890508,0.16570723513095,2020.3251293443,2020.32513661206,128000000,hCoV-19/Belgium/rega-0429426/2020|EPI_ISL_476995|2020-04-29|Europe
650,651,0.0082000000000001,645479.872393683,578521.600673813,645461.069730145,578505.311373069,0.17390723513095,0.16570723513095,2020.3251293443,2020.3333293443,128000000,NA
651,134,3.98907093590584e-06,645461.069730145,578505.311373069,645461.26067052,578505.445903949,0.173911224201886,0.17390723513095,2020.3333293443,2020.33333333337,128000000,SARS2-CoV/Belgium/Human/rega-0502637
651,135,0.0191296721299999,645461.069730145,578505.311373069,643654.337512079,586530.520519593,0.19303690726095,0.17390723513095,2020.3333293443,2020.35245901643,128000000,SARS2-CoV/Belgium/Human/rega-0509652
652,656,0.00968820201800003,633890.318261528,592461.775081288,633849.304712155,592469.77018837,0.16545543714895,0.15576723513095,2020.3151893443,2020.32487754632,128000000,NA
652,653,0.00239999999999996,633890.318261528,592461.775081288,633909.306099297,592462.210254337,0.15816723513095,0.15576723513095,2020.3151893443,2020.3175893443,128000000,NA
653,654,0.00208000000000008,633909.306099297,592462.210254337,642706.101329526,578509.590405408,0.16024723513095,0.15816723513095,2020.3175893443,2020.3196693443,128000000,NA
653,655,0.00208000000000008,633909.306099297,592462.210254337,642706.101329526,578509.590405408,0.16024723513095,0.15816723513095,2020.3175893443,2020.3196693443,128000000,NA
654,137,2.78688530497284e-06,642706.101329526,578509.590405408,643902.795914177,581911.546032438,0.160250022016255,0.16024723513095,2020.3196693443,2020.31967213118,128000000,SARS2-CoV/Belgium/Human/rega-0427608
654,136,2.78688530497284e-06,642706.101329526,578509.590405408,642705.811086525,578509.461160545,0.160250022016255,0.16024723513095,2020.3196693443,2020.31967213118,128000000,SARS2-CoV/Belgium/Human/rega-0427614
655,138,2.78688530497284e-06,642706.101329526,578509.590405408,648659.4234527,589690.705428971,0.160250022016255,0.16024723513095,2020.3196693443,2020.31967213118,128000000,SARS2-CoV/Belgium/Human/rega-0427615
655,139,2.78688530497284e-06,642706.101329526,578509.590405408,634342.876596858,592616.684536403,0.160250022016255,0.16024723513095,2020.3196693443,2020.31967213118,128000000,SARS2-CoV/Belgium/Human/rega-0427613
656,657,0.0057217979819999,633849.304712155,592469.77018837,636648.264684529,585263.589704503,0.17117723513095,0.16545543714895,2020.32487754632,2020.3305993443,128000000,NA
656,140,0.000259065741599951,633849.304712155,592469.77018837,633851.011866819,592474.901930406,0.16571450289055,0.16545543714895,2020.32487754632,2020.32513661206,128000000,SARS2-CoV/Belgium/Human/rega-0429626
657,658,0.00546000000000002,636648.264684529,585263.589704503,635023.77925985,592301.805616333,0.17663723513095,0.17117723513095,2020.3305993443,2020.3360593443,128000000,NA
657,141,1.74863381008361e-06,636648.264684529,585263.589704503,636648.144078125,585262.906165025,0.17117898376476,0.17117723513095,2020.3305993443,2020.33060109293,128000000,SARS2-CoV/Belgium/Human/rega-0501635
658,659,0.01366,635023.77925985,592301.805616333,666694.466705137,645961.539247827,0.19029723513095,0.17663723513095,2020.3360593443,2020.3497193443,128000000,NA
658,142,6.22950806206113e-06,635023.77925985,592301.805616333,635023.200168943,592301.420905175,0.176643464639012,0.17663723513095,2020.3360593443,2020.33606557381,128000000,SARS2-CoV/Belgium/Human/rega-0503641
659,144,0.00273967213100001,666694.466705137,645961.539247827,625522.009214344,612215.753981936,0.19303690726195,0.19029723513095,2020.3497193443,2020.35245901643,128000000,SARS2-CoV/Belgium/Human/rega-0509648
659,143,7.43169392103393e-06,666694.466705137,645961.539247827,666694.417293522,645961.68844786,0.190304666824871,0.19029723513095,2020.3497193443,2020.34972677599,128000000,SARS2-CoV/Belgium/Human/rega-0508541
660,145,0.0420736612,633845.879607673,592395.796095229,615923.484224699,602517.330386848,0.12473089633475,0.08265723513475,2020.2420793443,2020.2841530055,128000000,SARS2-CoV/Belgium/Human/rega-0414493
660,661,0.02021,633845.879607673,592395.796095229,639538.398584408,579861.998031219,0.10286723513475,0.08265723513475,2020.2420793443,2020.2622893443,128000000,NA
661,146,5.73770497402926e-06,639538.398584408,579861.998031219,639518.705014733,579853.47698352,0.102872972839724,0.10286723513475,2020.2622893443,2020.26229508201,128000000,hCoV-19/Belgium/LC-0406278/2020|EPI_ISL_464072|2020-04-06|Europe
661,662,0.00274903663300008,639538.398584408,579861.998031219,639542.386804213,579867.495287241,0.10561627176775,0.10286723513475,2020.2622893443,2020.26503838094,128000000,NA
662,147,0.05190150981,639542.386804213,579867.495287241,656093.963876283,574003.646883256,0.15751778157775,0.10561627176775,2020.26503838094,2020.31693989075,128000000,SARS2-CoV/Belgium/Human/rega-0426605
662,663,0.000470963366900001,639542.386804213,579867.495287241,639541.669950105,579864.71252901,0.10608723513465,0.10561627176775,2020.26503838094,2020.2655093443,128000000,NA
663,148,0.00225021857899999,639541.669950105,579864.71252901,635164.488215679,581761.858386013,0.10833745371365,0.10608723513465,2020.2655093443,2020.26775956288,128000000,hCoV-19/Belgium/RD-0408292/2020|EPI_ISL_464086|2020-04-08|Europe
663,664,0.00220999999999993,639541.669950105,579864.71252901,639617.962893627,579922.610052029,0.10829723513465,0.10608723513465,2020.2655093443,2020.2677193443,128000000,NA
664,150,0.00823693989100005,639617.962893627,579922.610052029,646170.368010477,577926.837257723,0.11653417502565,0.10829723513465,2020.2677193443,2020.27595628419,128000000,hCoV-19/Belgium/rega-0411446/2020|EPI_ISL_476956|2020-04-11|Europe
664,149,0.00277245901599998,639617.962893627,579922.610052029,639866.520050994,579968.883970794,0.11106969415065,0.10829723513465,2020.2677193443,2020.27049180332,128000000,hCoV-19/Belgium/BJA-0409406/2020|EPI_ISL_462260|2020-04-09|Europe
665,1027,0.00109334477699996,671972.71768611,648230.136488414,671970.336151652,648229.482416355,0.0121022483272,0.0110089035502,2020.17043101272,2020.1715243575,128000000,NA
665,666,0.000320883355199975,671972.71768611,648230.136488414,671968.885543325,648235.16223588,0.0113297869054,0.0110089035502,2020.17043101272,2020.17075189607,128000000,NA
666,512,0.0560240602500001,671968.885543325,648235.16223588,626595.910331718,618004.719432,0.0673538471554,0.0113297869054,2020.17075189607,2020.22677595632,128000000,hCoV-19/Belgium/QL-0324173/2020|EPI_ISL_420430|2020-03-24|Europe
666,667,0.00492744822800006,671968.885543325,648235.16223588,673915.880136437,646048.924160618,0.0162572351334,0.0113297869054,2020.17075189607,2020.1756793443,128000000,NA
667,668,0.00637999999999994,673915.880136437,646048.924160618,664153.34565212,656008.283914715,0.0226372351334,0.0162572351334,2020.1756793443,2020.1820593443,128000000,NA
667,151,0.00191628415299994,673915.880136437,646048.924160618,673914.743299177,646047.611244964,0.0181735192864,0.0162572351334,2020.1756793443,2020.17759562845,128000000,hCoV-19/Belgium/NKR-030645/2020|EPI_ISL_418795|2020-03-06|Europe
668,669,0.00184000000000006,664153.34565212,656008.283914715,664152.459265147,656005.33647188,0.0244772351334001,0.0226372351334,2020.1820593443,2020.1838993443,128000000,NA
668,705,0.01335,664153.34565212,656008.283914715,664174.501611336,656034.327338675,0.0359872351334,0.0226372351334,2020.1820593443,2020.1954093443,128000000,NA
669,670,0.00735999999999992,664152.459265147,656005.33647188,663926.548902857,655868.842811787,0.0318372351334,0.0244772351334001,2020.1838993443,2020.1912593443,128000000,NA
669,671,0.00187999999999999,664152.459265147,656005.33647188,664111.860117457,656007.219555147,0.0263572351334,0.0244772351334001,2020.1838993443,2020.1857793443,128000000,NA
670,152,0.03278437158,663926.548902857,655868.842811787,666690.157706024,649198.939030334,0.0646216067134,0.0318372351334,2020.1912593443,2020.22404371588,128000000,hCoV-19/Belgium/DB-0323140/2020|EPI_ISL_420397|2020-03-23|Europe
670,153,0.03278437158,663926.548902857,655868.842811787,663668.887140045,655746.789947197,0.0646216067134,0.0318372351334,2020.1912593443,2020.22404371588,128000000,hCoV-19/Belgium/MC-0323129/2020|EPI_ISL_420386|2020-03-23|Europe
671,672,0.02609391342,664111.860117457,656007.219555147,662277.104384931,651280.212936533,0.0524511485534001,0.0263572351334,2020.1857793443,2020.21187325772,128000000,NA
671,154,1.30054645299804e-05,664111.860117457,656007.219555147,664112.225880843,656007.820557055,0.02637024059793,0.0263572351334,2020.1857793443,2020.18579234977,128000000,hCoV-19/Belgium/RDC-030961/2020|EPI_ISL_420452|2020-03-09|Europe
672,676,0.00284372287599999,662277.104384931,651280.212936533,662081.945980247,651379.860117626,0.0552948714294,0.0524511485534001,2020.21187325772,2020.2147169806,128000000,NA
672,673,0.000834083409699926,662277.104384931,651280.212936533,662314.24217196,651271.823281887,0.0532852319631,0.0524511485534001,2020.21187325772,2020.21270734113,128000000,NA
673,675,0.000712003167400055,662314.24217196,651271.823281887,662313.496544246,651270.88602882,0.0539972351305,0.0532852319631,2020.21270734113,2020.2134193443,128000000,NA
673,674,0.04957200317,662314.24217196,651271.823281887,662339.669527858,651280.899186578,0.1028572351331,0.0532852319631,2020.21270734113,2020.2622793443,128000000,NA
674,156,0.0218736612,662339.669527858,651280.899186578,667709.450087273,647691.43445061,0.1247308963331,0.1028572351331,2020.2622793443,2020.2841530055,128000000,SARS2-CoV/Belgium/Human/rega-0414491
674,155,1.57377049699869e-05,662339.669527858,651280.899186578,662339.124318038,651280.699301308,0.10287297283807,0.1028572351331,2020.2622793443,2020.26229508201,128000000,hCoV-19/Belgium/MA-0406273/2020|EPI_ISL_464067|2020-04-06|Europe
675,158,0.01608885246,662313.496544246,651270.88602882,646719.871917467,584456.994174764,0.0700860875905001,0.0539972351305,2020.2134193443,2020.22950819676,128000000,hCoV-19/Belgium/BS-0325183/2020|EPI_ISL_420440|2020-03-25|Europe
675,157,0.05160797814,662313.496544246,651270.88602882,669346.734856224,647378.241440112,0.1056052132705,0.0539972351305,2020.2134193443,2020.26502732244,128000000,hCoV-19/Belgium/EM-0407403/2020|EPI_ISL_462257|2020-04-07|Europe
676,678,0.00450236370099999,662081.945980247,651379.860117626,662169.135950985,651435.450824666,0.0597972351304,0.0552948714294,2020.2147169806,2020.2192193443,128000000,NA
676,677,0.000592363700899989,662081.945980247,651379.860117626,662082.483481624,651380.038486548,0.0558872351303,0.0552948714294,2020.2147169806,2020.2153093443,128000000,NA
677,160,0.02239557377,662082.483481624,651380.038486548,627412.119286331,629467.765293365,0.0782828089003,0.0558872351303,2020.2153093443,2020.23770491807,128000000,hCoV-19/Belgium/LJ-0328310/2020|EPI_ISL_462164|2020-03-28|Europe
677,159,0.02239557377,662082.483481624,651380.038486548,633151.249917628,642912.146953946,0.0782828089003,0.0558872351303,2020.2153093443,2020.23770491807,128000000,hCoV-19/Belgium/Rega-0328194/2020|EPI_ISL_458164|2020-03-28|Europe
678,679,0.00207999999999997,662169.135950985,651435.450824666,651796.290098494,728645.169557803,0.0618772351304,0.0597972351304,2020.2192193443,2020.2212993443,128000000,NA
678,680,0.0175799999999999,662169.135950985,651435.450824666,641205.574576006,702808.156536858,0.0773772351304,0.0597972351304,2020.2192193443,2020.2367993443,128000000,NA
679,162,1.21311476299901e-05,651796.290098494,728645.169557803,651796.754691319,728644.674675499,0.06188936627803,0.0618772351304,2020.2212993443,2020.22131147545,128000000,hCoV-19/Belgium/ULG-9619/2020|EPI_ISL_418649|2020-03-22|Europe
679,161,1.21311476299901e-05,651796.290098494,728645.169557803,651342.938565013,733770.132225117,0.06188936627803,0.0618772351304,2020.2212993443,2020.22131147545,128000000,hCoV-19/Belgium/ULG-9725/2020|EPI_ISL_418659|2020-03-22|Europe
680,681,0.0048124373320001,641205.574576006,702808.156536858,649018.61740245,740970.70141892,0.0821896724624001,0.0773772351304,2020.2367993443,2020.24161178163,128000000,NA
680,684,0.00203000000000009,641205.574576006,702808.156536858,641201.796619895,702799.805044359,0.0794072351304,0.0773772351304,2020.2367993443,2020.2388293443,128000000,NA
681,683,0.000457562667599998,649018.61740245,740970.70141892,649023.087539698,740973.250381046,0.0826472351300001,0.0821896724624001,2020.24161178163,2020.2420693443,128000000,NA
681,682,0.000457562667599998,649018.61740245,740970.70141892,649023.087539698,740973.250381046,0.0826472351300001,0.0821896724624001,2020.24161178163,2020.2420693443,128000000,NA
682,163,0.0994607103799999,649023.087539698,740973.250381046,654066.047536355,638765.852662611,0.18210794551,0.0826472351300001,2020.2420693443,2020.34153005468,128000000,SARS2-CoV/Belgium/Human/rega-0505643
682,164,0.1049251913,649023.087539698,740973.250381046,648857.260806023,741022.280313775,0.18757242643,0.0826472351300001,2020.2420693443,2020.3469945356,128000000,hCoV-19/Belgium/ULG-10205/2020|EPI_ISL_484694|2020-05-07
683,166,0.0748705464499999,649023.087539698,740973.250381046,662489.536193219,552002.896933148,0.15751778158,0.0826472351300001,2020.2420693443,2020.31693989075,128000000,SARS2-CoV/Belgium/Human/rega-0426604
683,165,0.15957,649023.087539698,740973.250381046,644362.053493397,757784.978912027,0.24221723513,0.0826472351300001,2020.2420693443,2020.4016393443,128000000,hCoV-19/Belgium/ULG-10197/2020|EPI_ISL_471432|2020-05-27|Europe
684,685,0.00124581545899993,641201.796619895,702799.805044359,641161.337379634,702781.911044648,0.0806530505894,0.0794072351304,2020.2388293443,2020.24007515976,128000000,NA
684,167,0.00707229508199991,641201.796619895,702799.805044359,629952.772692969,744220.361040756,0.0864795302124,0.0794072351304,2020.2388293443,2020.24590163938,128000000,hCoV-19/Belgium/ULG-10030/2020|EPI_ISL_421204|2020-03-31|Europe
685,686,0.00533418454099999,641161.337379634,702781.911044648,648628.480935427,732784.058088245,0.0859872351304,0.0806530505894,2020.24007515976,2020.2454093443,128000000,NA
685,168,0.00309423918600005,641161.337379634,702781.911044648,641160.584682672,702774.1251647,0.0837472897754,0.0806530505894,2020.24007515976,2020.24316939894,128000000,hCoV-19/Belgium/DNM-0330351/2020|EPI_ISL_462205|2020-03-30|Europe
686,688,0.0152300000000001,648628.480935427,732784.058088245,653006.665300538,639661.768517691,0.1012172351304,0.0859872351304,2020.2454093443,2020.2606393443,128000000,NA
686,687,0.00867000000000007,648628.480935427,732784.058088245,648618.679927891,732771.205330724,0.0946572351304,0.0859872351304,2020.2454093443,2020.2540793443,128000000,NA
687,169,0.00821573770499995,648618.679927891,732771.205330724,661971.548468453,670860.762949172,0.1028729728354,0.0946572351304,2020.2540793443,2020.262295082,128000000,SARS2-CoV/Belgium/Human/rega-0406856
687,170,1.90163933699861e-05,648618.679927891,732771.205330724,648617.40782981,732770.922894068,0.09467625152377,0.0946572351304,2020.2540793443,2020.25409836069,128000000,hCoV-19/Belgium/ULG-10074/2020|EPI_ISL_424634|2020-04-03|Europe
688,695,0.00215999999999994,653006.665300538,639661.768517691,653002.528377311,639679.077945788,0.1033772351304,0.1012172351304,2020.2606393443,2020.2627993443,128000000,NA
688,689,0.00268999999999997,653006.665300538,639661.768517691,633946.28554601,758237.629901248,0.1039072351304,0.1012172351304,2020.2606393443,2020.2633293443,128000000,NA
689,690,0.00448206034699994,633946.28554601,758237.629901248,652990.122436256,639639.157386996,0.1083892954774,0.1039072351304,2020.2633293443,2020.26781140465,128000000,NA
689,693,0.00202917902900002,633946.28554601,758237.629901248,652998.170494061,639643.844959623,0.1059364141594,0.1039072351304,2020.2633293443,2020.26535852333,128000000,NA
690,692,0.000337939652900077,652990.122436256,639639.157386996,652990.442019469,639641.131225949,0.1087272351303,0.1083892954774,2020.26781140465,2020.2681493443,128000000,NA
690,691,0.000247939652900042,652990.122436256,639639.157386996,647445.306345601,648933.369745881,0.1086372351303,0.1083892954774,2020.26781140465,2020.2680593443,128000000,NA
691,171,0.00243245901599998,647445.306345601,648933.369745881,647610.605319975,636380.731998808,0.1110696941463,0.1086372351303,2020.2680593443,2020.27049180331,128000000,SARS2-CoV/Belgium/Human/rega-0409561
691,172,0.00243245901599998,647445.306345601,648933.369745881,647444.996059712,648943.532008472,0.1110696941463,0.1086372351303,2020.2680593443,2020.27049180331,128000000,hCoV-19/Belgium/SA-0409296/2020|EPI_ISL_464090|2020-04-09|Europe
692,174,0.00507469945299999,652990.442019469,639641.131225949,675262.619436851,676864.175771209,0.1138019345833,0.1087272351303,2020.2681493443,2020.27322404375,128000000,SARS2-CoV/Belgium/Human/rega-0410572
692,173,0.00234245901599994,652990.442019469,639641.131225949,652981.599798039,639634.838263019,0.1110696941463,0.1087272351303,2020.2681493443,2020.27049180331,128000000,hCoV-19/Belgium/rega-0409435/2020|EPI_ISL_476944|2020-04-09|Europe
693,175,0.01879448217,652998.170494061,639643.844959623,639335.956408155,636016.84930088,0.1247308963294,0.1059364141594,2020.26535852333,2020.2841530055,128000000,hCoV-19/Belgium/rega-0414479/2020|EPI_ISL_476989|2020-04-14|Europe
693,694,0.000140820971299971,652998.170494061,639643.844959623,652998.169224069,639643.394833261,0.1060772351307,0.1059364141594,2020.26535852333,2020.2654993443,128000000,NA
694,177,0.00226021857900005,652998.169224069,639643.394833261,649674.093790948,736329.332705262,0.1083374537097,0.1060772351307,2020.2654993443,2020.26775956288,128000000,hCoV-19/Belgium/ULG-10142/2020|EPI_ISL_427385|2020-04-08|Europe
694,176,0.0104569398900001,652998.169224069,639643.394833261,656026.202343917,635485.710617693,0.1165341750207,0.1060772351307,2020.2654993443,2020.27595628419,128000000,hCoV-19/Belgium/rega-0411441/2020|EPI_ISL_476951|2020-04-11|Europe
695,697,0.00192120702999998,653002.528377311,639679.077945788,653005.001252074,639683.043627366,0.1052984421604,0.1033772351304,2020.2627993443,2020.26472055133,128000000,NA
695,696,0.00221000000000005,653002.528377311,639679.077945788,624741.039763722,649473.322227427,0.1055872351304,0.1033772351304,2020.2627993443,2020.2650093443,128000000,NA
696,179,1.7978142100028e-05,624741.039763722,649473.322227427,624740.457329598,649473.485224479,0.1056052132725,0.1055872351304,2020.2650093443,2020.26502732244,128000000,hCoV-19/Belgium/rega-0405288/2020|EPI_ISL_464082|2020-04-07|Europe
696,178,0.01094693989,624741.039763722,649473.322227427,650254.341394113,651897.68769325,0.1165341750204,0.1055872351304,2020.2650093443,2020.27595628419,128000000,hCoV-19/Belgium/rega-0411470/2020|EPI_ISL_476980|2020-04-11|Europe
697,699,0.04161879297,653005.001252074,639683.043627366,668075.004949044,645216.67126278,0.1469172351304,0.1052984421604,2020.26472055133,2020.3063393443,128000000,NA
697,698,0.000778792970200004,653005.001252074,639683.043627366,653008.693584032,639684.840587151,0.1060772351306,0.1052984421604,2020.26472055133,2020.2654993443,128000000,NA
698,180,0.0104569398900001,653008.693584032,639684.840587151,655979.94181885,611951.793620333,0.1165341750206,0.1060772351306,2020.2654993443,2020.27595628419,128000000,hCoV-19/Belgium/DMT-0411408/2020|EPI_ISL_462262|2020-04-11|Europe
698,181,0.00226021857900005,653008.693584032,639684.840587151,640309.076082575,732642.543934579,0.1083374537096,0.1060772351306,2020.2654993443,2020.26775956288,128000000,hCoV-19/Belgium/ULG-10136/2020|EPI_ISL_427381|2020-04-08|Europe
699,700,0.0212600000000001,668075.004949044,645216.67126278,672277.068041346,662611.879680924,0.1681772351304,0.1469172351304,2020.3063393443,2020.3275993443,128000000,NA
699,182,0.00240382513699999,668075.004949044,645216.67126278,668074.437944261,645232.624070841,0.1493210602674,0.1469172351304,2020.3063393443,2020.30874316944,128000000,SARS2-CoV/Belgium/Human/rega-0423597
700,701,0.0354399999999999,672277.068041346,662611.879680924,672259.102501617,662591.108666218,0.2036172351304,0.1681772351304,2020.3275993443,2020.3630393443,128000000,NA
700,183,0.0412531147499999,672277.068041346,662611.879680924,648554.103583304,756339.346579195,0.2094303498804,0.1681772351304,2020.3275993443,2020.36885245905,128000000,hCoV-19/Belgium/ULG-10207/2020|EPI_ISL_484696|2020-05-15|Europe
701,184,0.188873224,672259.102501617,662591.108666218,673754.317057884,650951.981297217,0.3924904591304,0.2036172351304,2020.3630393443,2020.5519125683,128000000,SARS2-CoV/Belgium/Human/rega-0721811
701,702,0.10873,672259.102501617,662591.108666218,672232.367289909,662553.990261693,0.3123472351304,0.2036172351304,2020.3630393443,2020.4717693443,128000000,NA
702,185,0.05008857923,672232.367289909,662553.990261693,674767.754650973,672772.218957992,0.3624358143604,0.3123472351304,2020.4717693443,2020.52185792353,128000000,SARS2-CoV/Belgium/Human/rega-0710918
702,703,0.214817775,672232.367289909,662553.990261693,672190.218059083,662567.048500898,0.5271650101304,0.3123472351304,2020.4717693443,2020.6865871193,128000000,NA
703,704,0.000622225029400014,672190.218059083,662567.048500898,672189.806515175,662496.001655471,0.5277872351598,0.5271650101304,2020.6865871193,2020.68720934433,128000000,NA
703,186,0.02106315399,672190.218059083,662567.048500898,679246.583828737,675607.723433651,0.5482281641204,0.5271650101304,2020.6865871193,2020.70765027329,128000000,SARS2-CoV/Belgium/Human/rega-0916979
704,187,0.01770868852,672189.806515175,662496.001655471,672194.985365306,662495.966284401,0.5454959236798,0.5277872351598,2020.68720934433,2020.70491803285,128000000,SARS2-CoV/Belgium/Human/rega-0915953
704,188,0.02044092896,672189.806515175,662496.001655471,677241.360019257,671824.756849548,0.5482281641198,0.5277872351598,2020.68720934433,2020.70765027329,128000000,SARS2-CoV/Belgium/Human/rega-0916963
705,189,0.0259021311500001,664174.501611336,656034.327338675,646435.296185251,728818.863147991,0.0618893662834,0.0359872351334,2020.1954093443,2020.22131147545,128000000,hCoV-19/Belgium/ULG-9738/2020|EPI_ISL_418662|2020-03-22|Europe
705,706,0.00185000000000002,664174.501611336,656034.327338675,664152.041933087,655987.981347161,0.0378372351334,0.0359872351334,2020.1954093443,2020.1972593443,128000000,NA
706,711,0.00195000000000001,664152.041933087,655987.981347161,621567.847310999,612579.46206581,0.0397872351334,0.0378372351334,2020.1972593443,2020.1992093443,128000000,NA
706,707,0.00858356561700002,664152.041933087,655987.981347161,619770.97097401,657392.971281035,0.0464208007504,0.0378372351334,2020.1972593443,2020.20584290992,128000000,NA
707,708,0.01313901611,619770.97097401,657392.971281035,631463.644933295,736299.287195757,0.0595598168604,0.0464208007504,2020.20584290992,2020.21898192603,128000000,NA
707,190,0.01820080597,619770.97097401,657392.971281035,619779.227919625,657413.681421158,0.0646216067204,0.0464208007504,2020.20584290992,2020.22404371589,128000000,hCoV-19/Belgium/EBN-0323116/2020|EPI_ISL_420373|2020-03-23|Europe
708,709,0.00232741827100003,631463.644933295,736299.287195757,622128.437718145,733595.361239419,0.0618872351314,0.0595598168604,2020.21898192603,2020.2213093443,128000000,NA
708,710,0.000247418270799993,631463.644933295,736299.287195757,631461.844752924,736299.98766885,0.0598072351312,0.0595598168604,2020.21898192603,2020.2192293443,128000000,NA
709,192,2.13114762692701e-06,622128.437718145,733595.361239419,631450.8127789,712273.796519486,0.061889366279027,0.0618872351314,2020.2213093443,2020.22131147545,128000000,hCoV-19/Belgium/ULG-9618/2020|EPI_ISL_418648|2020-03-22|Europe
709,191,2.13114762692701e-06,622128.437718145,733595.361239419,622128.222741296,733595.529407776,0.061889366279027,0.0618872351314,2020.2213093443,2020.22131147545,128000000,hCoV-19/Belgium/ULG-9617/2020|EPI_ISL_418647|2020-03-22
710,193,0.0376012568299999,631461.844752924,736299.98766885,631426.460594051,736294.154946304,0.0974084919611999,0.0598072351312,2020.2192293443,2020.25683060113,128000000,hCoV-19/Belgium/ULG-10094/2020|EPI_ISL_424650|2020-04-04|Europe
710,194,0.0376012568299999,631461.844752924,736299.98766885,650895.763374839,763680.820965923,0.0974084919611999,0.0598072351312,2020.2192293443,2020.25683060113,128000000,hCoV-19/Belgium/ULG-10086/2020|EPI_ISL_424644|2020-04-04|Europe
711,746,0.00190999999999997,621567.847310999,612579.46206581,644276.333626188,731823.426049331,0.0416972351334,0.0397872351334,2020.1992093443,2020.2011193443,128000000,NA
711,712,0.00472000000000006,621567.847310999,612579.46206581,627169.498050298,619311.095591715,0.0445072351334,0.0397872351334,2020.1992093443,2020.2039293443,128000000,NA
712,717,0.01206788109,627169.498050298,619311.095591715,626283.548659296,616470.379716364,0.0565751162234001,0.0445072351334,2020.2039293443,2020.21599722539,128000000,NA
712,713,0.00180999999999998,627169.498050298,619311.095591715,626606.250462766,607240.879952945,0.0463172351334,0.0445072351334,2020.2039293443,2020.2057393443,128000000,NA
713,714,0.00544,626606.250462766,607240.879952945,631791.816341031,742254.808725266,0.0517572351334,0.0463172351334,2020.2057393443,2020.2111793443,128000000,NA
713,195,0.00191092896199996,626606.250462766,607240.879952945,631801.723885184,742259.58880422,0.0482281640954,0.0463172351334,2020.2057393443,2020.20765027326,128000000,hCoV-19/Belgium/HN-0317324/2020|EPI_ISL_462178|2020-03-17|Europe
714,716,0.00192999999999999,631791.816341031,742254.808725266,666891.546471933,654618.656773106,0.0536872351334,0.0517572351334,2020.2111793443,2020.2131093443,128000000,NA
714,715,0.00192999999999999,631791.816341031,742254.808725266,666891.546471933,654618.656773106,0.0536872351334,0.0517572351334,2020.2111793443,2020.2131093443,128000000,NA
715,196,5.40983602104195e-06,666891.546471933,654618.656773106,666891.645635811,654619.115978598,0.0536926449694211,0.0536872351334,2020.2131093443,2020.21311475414,128000000,SARS2-CoV/Belgium/Human/rega-0319860
715,197,5.40983602104195e-06,666891.546471933,654618.656773106,622925.208338673,609416.797965347,0.0536926449694211,0.0536872351334,2020.2131093443,2020.21311475414,128000000,hCoV-19/Belgium/CA-0319111/2020|EPI_ISL_420368|2020-03-19|Europe
716,198,5.40983602104195e-06,666891.546471933,654618.656773106,645128.171259971,738835.532128926,0.0536926449694211,0.0536872351334,2020.2131093443,2020.21311475414,128000000,hCoV-19/Belgium/ULG-8810/2020|EPI_ISL_418642|2020-03-19|Europe
716,199,0.05191797814,666891.546471933,654618.656773106,649608.031054179,593398.517417522,0.1056052132734,0.0536872351334,2020.2131093443,2020.26502732244,128000000,hCoV-19/Belgium/rega-0407287/2020|EPI_ISL_464081|2020-04-07|Europe
717,718,3.61888637498975e-05,626283.548659296,616470.379716364,626284.593405488,616471.804492518,0.05661130508715,0.0565751162234001,2020.21599722539,2020.21603341425,128000000,NA
717,727,0.00206211890899999,626283.548659296,616470.379716364,637431.727305342,674375.248293402,0.0586372351324,0.0565751162234001,2020.21599722539,2020.2180593443,128000000,NA
718,719,0.000155930045400043,626284.593405488,616471.804492518,626286.516496688,616471.45264766,0.05676723513255,0.05661130508715,2020.21603341425,2020.2161893443,128000000,NA
718,720,0.006895930045,626284.593405488,616471.804492518,626279.878835113,616500.755147674,0.06350723513215,0.05661130508715,2020.21603341425,2020.2229293443,128000000,NA
719,200,0.02151557377,626286.516496688,616471.45264766,635663.273854978,698425.067302951,0.07828280890255,0.05676723513255,2020.2161893443,2020.23770491807,128000000,hCoV-19/Belgium/GJM-0328354/2020|EPI_ISL_462208|2020-03-28|Europe
719,201,0.02151557377,626286.516496688,616471.45264766,626319.543921589,616486.207556133,0.07828280890255,0.05676723513255,2020.2161893443,2020.23770491807,128000000,hCoV-19/Belgium/Rega-0328209/2020|EPI_ISL_458179|2020-03-28|Europe
720,724,0.00719732028400011,626279.878835113,616500.755147674,626282.919768245,616500.903933657,0.0707045554161501,0.06350723513215,2020.2229293443,2020.23012666458,128000000,NA
720,721,0.00195000000000001,626279.878835113,616500.755147674,621567.847310999,612579.46206581,0.06545723513215,0.06350723513215,2020.2229293443,2020.2248793443,128000000,NA
721,723,0.01451,621567.847310999,612579.46206581,656211.426980999,633608.906830168,0.07996723513215,0.06545723513215,2020.2248793443,2020.2393893443,128000000,NA
721,722,0.001217788163,621567.847310999,612579.46206581,626272.003559944,616496.028996956,0.06667502329515,0.06545723513215,2020.2248793443,2020.22609713246,128000000,NA
722,202,0.00067882385920004,626272.003559944,616496.028996956,624404.957902228,608442.679908956,0.06735384715435,0.06667502329515,2020.22609713246,2020.22677595632,128000000,hCoV-19/Belgium/STM-0324170/2020|EPI_ISL_420427|2020-03-24|Europe
722,203,0.00067882385920004,626272.003559944,616496.028996956,627618.382798165,621033.920170564,0.06735384715435,0.06667502329515,2020.22609713246,2020.22677595632,128000000,hCoV-19/Belgium/LV-0324133/2020|EPI_ISL_420390|2020-03-24|Europe
723,204,0.0447636612,656211.426980999,633608.906830168,660921.424776327,661245.441065536,0.12473089633215,0.07996723513215,2020.2393893443,2020.2841530055,128000000,SARS2-CoV/Belgium/Human/rega-0414489
723,205,0.03656693989,656211.426980999,633608.906830168,656426.607343543,633637.974418509,0.11653417502215,0.07996723513215,2020.2393893443,2020.27595628419,128000000,hCoV-19/Belgium/rega-0411442/2020|EPI_ISL_476952|2020-04-11|Europe
724,725,0.00055711820139992,626282.919768245,616500.903933657,626279.557988675,616503.379502713,0.07126167361755,0.0707045554161501,2020.23012666458,2020.23068378279,128000000,NA
724,209,0.0895454666,626282.919768245,616500.903933657,635729.95991764,582771.302338673,0.16025002201615,0.0707045554161501,2020.23012666458,2020.31967213118,128000000,SARS2-CoV/Belgium/Human/rega-0427658
725,726,0.00428556151400006,626279.557988675,616503.379502713,616566.990690896,655314.10096404,0.07554723513155,0.07126167361755,2020.23068378279,2020.2349693443,128000000,NA
725,208,0.03980802053,626279.557988675,616503.379502713,674826.525163321,652513.540026667,0.11106969414755,0.07126167361755,2020.23068378279,2020.27049180332,128000000,SARS2-CoV/Belgium/Human/rega-0409564
726,206,3.33333325697183e-06,616566.990690896,655314.10096404,633992.908188007,650690.769620269,0.075550568464807,0.07554723513155,2020.2349693443,2020.23497267763,128000000,hCoV-19/Belgium/Rega-0327213/2020|EPI_ISL_458183|2020-03-27|Europe
726,207,3.33333325697183e-06,616566.990690896,655314.10096404,616566.589501399,655314.087843011,0.075550568464807,0.07554723513155,2020.2349693443,2020.23497267763,128000000,hCoV-19/Belgium/AF-0327321/2020|EPI_ISL_462175|2020-03-27|Europe
727,728,0.00175139054399998,637431.727305342,674375.248293402,641945.884409112,688754.626699349,0.0603886256764,0.0586372351324,2020.2180593443,2020.21981073484,128000000,NA
727,739,0.0126417838399999,637431.727305342,674375.248293402,637412.959067455,674377.339125824,0.0712790189724,0.0586372351324,2020.2180593443,2020.23070112814,128000000,NA
728,729,0.00215860945599999,641945.884409112,688754.626699349,641943.538189524,688750.716544235,0.0625472351324,0.0603886256764,2020.21981073484,2020.2219693443,128000000,NA
728,732,0.000208609455899955,641945.884409112,688754.626699349,641944.568871018,688753.969226029,0.0605972351323,0.0603886256764,2020.21981073484,2020.2200193443,128000000,NA
729,731,0.00137944993299999,641943.538189524,688750.716544235,649712.308607832,664529.167647822,0.0639266850654,0.0625472351324,2020.2219693443,2020.22334879423,128000000,NA
729,730,0.00177673571500003,641943.538189524,688750.716544235,641943.659987952,688741.852448094,0.0643239708474,0.0625472351324,2020.2219693443,2020.22374608002,128000000,NA
730,210,0.00029763587019993,641943.659987952,688741.852448094,656404.441953143,654176.085802427,0.0646216067176,0.0643239708474,2020.22374608002,2020.22404371589,128000000,SARS2-CoV/Belgium/Human/rega-0323867
730,211,0.00029763587019993,641943.659987952,688741.852448094,641949.028933718,688734.371878249,0.0646216067176,0.0643239708474,2020.22374608002,2020.22404371589,128000000,SARS2-CoV/Belgium/Human/rega-0323868
731,212,0.006159402526,649712.308607832,664529.167647822,682484.635652273,656920.431858882,0.0700860875914,0.0639266850654,2020.22334879423,2020.22950819676,128000000,hCoV-19/Belgium/NML-0325127/2020|EPI_ISL_420384|2020-03-25|Europe
731,213,0.000694921651799962,649712.308607832,664529.167647822,649712.332931636,664528.820795969,0.0646216067172,0.0639266850654,2020.22334879423,2020.22404371589,128000000,SARS2-CoV/Belgium/Human/rega-0323869
732,734,0.000290000000000012,641944.568871018,688753.969226029,641947.682898344,688755.052840443,0.0608872351323,0.0605972351323,2020.2200193443,2020.2203093443,128000000,NA
732,733,0.02279,641944.568871018,688753.969226029,642577.947628762,732360.366591087,0.0833872351323,0.0605972351323,2020.2200193443,2020.2428093443,128000000,NA
733,215,0.0167534972700001,642577.947628762,732360.366591087,642592.097457254,732378.888007138,0.1001407324023,0.0833872351323,2020.2428093443,2020.25956284157,128000000,hCoV-19/Belgium/ULG-10049/2020|EPI_ISL_424658|2020-04-05|Europe
733,214,0.02495021858,642577.947628762,732360.366591087,639420.426569105,730360.005352637,0.1083374537123,0.0833872351323,2020.2428093443,2020.26775956288,128000000,hCoV-19/Belgium/ULG-10134/2020|EPI_ISL_427379|2020-04-08|Europe
734,735,0.06039455399,641947.682898344,688755.052840443,667573.871114706,662509.624315694,0.1212817891223,0.0608872351323,2020.2203093443,2020.28070389829,128000000,NA
734,216,0.02286005464,641947.682898344,688755.052840443,640929.729485149,731211.264973699,0.0837472897722999,0.0608872351323,2020.2203093443,2020.24316939894,128000000,hCoV-19/Belgium/ULG-10023/2020|EPI_ISL_427341|2020-03-30|Europe
735,736,0.000145446012299932,667573.871114706,662509.624315694,667572.130781878,662508.197992979,0.1214272351346,0.1212817891223,2020.28070389829,2020.2808493443,128000000,NA
735,217,0.00344910721499991,667573.871114706,662509.624315694,668234.434994991,662429.406579402,0.1247308963373,0.1212817891223,2020.28070389829,2020.28415300551,128000000,hCoV-19/Belgium/rega-0414478/2020|EPI_ISL_476988|2020-04-14|Europe
736,737,9.00000000000345e-05,667572.130781878,662508.197992979,667569.795993888,662507.519389346,0.1215172351346,0.1214272351346,2020.2808493443,2020.2809393443,128000000,NA
736,218,0.0524839890700001,667572.130781878,662508.197992979,667580.077961771,662556.372593451,0.1739112242046,0.1214272351346,2020.2808493443,2020.33333333337,128000000,hCoV-19/Belgium/rega-0502481/2020|EPI_ISL_476997|2020-05-02|Europe
737,219,0.05512622951,667569.795993888,662507.519389346,680915.020142162,681322.038281883,0.1766434646446,0.1215172351346,2020.2809393443,2020.33606557381,128000000,hCoV-19/Belgium/rega-0503483/2020|EPI_ISL_476999|2020-05-03|Europe
737,738,0.00783581959900004,667569.795993888,662507.519389346,667202.145788391,665923.009607906,0.1293530547336,0.1215172351346,2020.2809393443,2020.2887751639,128000000,NA
738,221,0.000842322477299984,667202.145788391,665923.009607906,667184.772102128,665912.645899758,0.1301953772109,0.1293530547336,2020.2887751639,2020.28961748638,128000000,SARS2-CoV/Belgium/Human/rega-0416500
738,220,0.00357456291399993,667202.145788391,665923.009607906,670177.021416684,663145.895024218,0.1329276176476,0.1293530547336,2020.2887751639,2020.29234972682,128000000,SARS2-CoV/Belgium/Human/rega-0417517
739,742,0.00659997477399998,637412.959067455,674377.339125824,668827.254780316,617435.295419549,0.0778789937463999,0.0712790189724,2020.23070112814,2020.23730110291,128000000,NA
739,740,0.000276593704800043,637412.959067455,674377.339125824,637421.067482268,674383.445225972,0.0715556126772,0.0712790189724,2020.23070112814,2020.23097772185,128000000,NA
740,741,0.000761622453799959,637421.067482268,674383.445225972,637416.302863911,674381.884431317,0.072317235131,0.0715556126772,2020.23097772185,2020.2317393443,128000000,NA
740,224,0.0613720049700001,637421.067482268,674383.445225972,634412.386667585,606920.375299446,0.1329276176472,0.0715556126772,2020.23097772185,2020.29234972682,128000000,SARS2-CoV/Belgium/Human/rega-0417509
741,222,0.02235901639,637416.302863911,674381.884431317,637416.586681505,674377.935650438,0.094676251521,0.072317235131,2020.2317393443,2020.25409836069,128000000,hCoV-19/Belgium/LA-0403382/2020|EPI_ISL_462236|2020-04-03|Europe
741,223,0.02782349727,637416.302863911,674381.884431317,635460.832309217,759042.577845376,0.100140732401,0.072317235131,2020.2317393443,2020.25956284157,128000000,hCoV-19/Belgium/ULG-10055/2020|EPI_ISL_424652|2020-04-05|Europe
742,743,0.00225075958000009,668827.254780316,617435.295419549,668809.681207064,617419.414478004,0.0801297533264,0.0778789937463999,2020.23730110291,2020.23955186249,128000000,NA
742,744,0.000358241384900038,668827.254780316,617435.295419549,668826.263822527,617439.873546704,0.0782372351313,0.0778789937463999,2020.23730110291,2020.2376593443,128000000,NA
743,225,0.000885296013099945,668809.681207064,617419.414478004,616233.531373725,618259.263320637,0.0810150493395,0.0801297533264,2020.23955186249,2020.24043715851,128000000,hCoV-19/Belgium/Rega-0329237/2020|EPI_ISL_458207|2020-03-29|Europe
743,226,0.000885296013099945,668809.681207064,617419.414478004,710958.58712068,583316.019039582,0.0810150493395,0.0801297533264,2020.23955186249,2020.24043715851,128000000,hCoV-19/Belgium/Rega-0329236/2020|EPI_ISL_458206|2020-03-29|Europe
744,745,0.02708,668826.263822527,617439.873546704,669572.873356391,617725.840500552,0.1053172351313,0.0782372351313,2020.2376593443,2020.2647393443,128000000,NA
744,227,0.0874772677600001,668826.263822527,617439.873546704,627711.607963151,674284.033190418,0.1657145028913,0.0782372351313,2020.2376593443,2020.32513661206,128000000,SARS2-CoV/Belgium/Human/rega-0429911
745,228,0.05493278689,669572.873356391,617725.840500552,670443.327031425,614428.068477088,0.1602500220213,0.1053172351313,2020.2647393443,2020.31967213119,128000000,SARS2-CoV/Belgium/Human/rega-0427610
745,229,0.05493278689,669572.873356391,617725.840500552,669566.628531479,617724.240634696,0.1602500220213,0.1053172351313,2020.2647393443,2020.31967213119,128000000,SARS2-CoV/Belgium/Human/rega-0427611
746,748,0.00561,644276.333626188,731823.426049331,704848.349429536,711379.048638087,0.0473072351334,0.0416972351334,2020.2011193443,2020.2067293443,128000000,NA
746,747,0.00313299345700002,644276.333626188,731823.426049331,644280.795296521,731828.726948245,0.0448302285904,0.0416972351334,2020.2011193443,2020.20425233776,128000000,NA
747,231,0.00066569506780001,644280.795296521,731828.726948245,638098.908033883,740693.30073208,0.0454959236582,0.0448302285904,2020.20425233776,2020.20491803283,128000000,hCoV-19/Belgium/ULG-7500/2020|EPI_ISL_418632|2020-03-16|Europe
747,230,0.00066569506780001,644280.795296521,731828.726948245,644281.081056003,731828.985371117,0.0454959236582,0.0448302285904,2020.20425233776,2020.20491803283,128000000,hCoV-19/Belgium/ULG-7134/2020|EPI_ISL_418628|2020-03-16|Europe
748,749,0.00700504543800007,704848.349429536,711379.048638087,632849.048147427,649504.569615227,0.0543122805714,0.0473072351334,2020.2067293443,2020.21373438974,128000000,NA
748,761,0.00755769003200002,704848.349429536,711379.048638087,651996.95353463,621747.925129856,0.0548649251654,0.0473072351334,2020.2067293443,2020.21428703433,128000000,NA
749,751,0.01744447322,632849.048147427,649504.569615227,632874.072977692,649505.09633834,0.0717567537914,0.0543122805714,2020.21373438974,2020.23117886296,128000000,NA
749,750,0.000204954561799919,632849.048147427,649504.569615227,632841.851405004,649504.295620073,0.0545172351331999,0.0543122805714,2020.21373438974,2020.2139393443,128000000,NA
750,232,0.00190765027300011,632841.851405004,649504.295620073,639899.780401275,737081.23909431,0.0564248854062001,0.0545172351331999,2020.2139393443,2020.21584699457,128000000,hCoV-19/Belgium/ULG-10215/2020|EPI_ISL_484703|2020-03-20|Europe
750,233,0.00190765027300011,632841.851405004,649504.295620073,632847.228890821,649499.753372246,0.0564248854062001,0.0545172351331999,2020.2139393443,2020.21584699457,128000000,SARS2-CoV/Belgium/Human/rega-0320854
751,752,0.002320481338,632874.072977692,649505.09633834,633828.727915958,622370.447387849,0.0740772351294,0.0717567537914,2020.23117886296,2020.2334993443,128000000,NA
751,756,0.000410481338400048,632874.072977692,649505.09633834,632876.093205072,649503.561204938,0.0721672351298001,0.0717567537914,2020.23117886296,2020.2315893443,128000000,NA
752,753,0.00121000000000004,633828.727915958,622370.447387849,633826.814950855,622369.360341109,0.0752872351294001,0.0740772351294,2020.2334993443,2020.2347093443,128000000,NA
752,755,0.00419999999999998,633828.727915958,622370.447387849,633805.546598275,622351.704162502,0.0782772351294,0.0740772351294,2020.2334993443,2020.2376993443,128000000,NA
753,234,0.0685693442599999,633826.814950855,622369.360341109,673771.717074661,658849.461032609,0.1438565793894,0.0752872351294001,2020.2347093443,2020.30327868856,128000000,hCoV-19/Belgium/rega-0421423/2020|EPI_ISL_476991|2020-04-21|Europe
753,754,0.156,633826.814950855,622369.360341109,645358.8813507,759033.785335927,0.2312872351294,0.0752872351294001,2020.2347093443,2020.3907093443,128000000,NA
754,235,1.03825126801516e-06,645358.8813507,759033.785335927,645359.065270779,759034.263366915,0.231288273380668,0.2312872351294,2020.3907093443,2020.39071038255,128000000,hCoV-19/Belgium/ULG-10202/2020|EPI_ISL_471436|2020-05-23|Europe
754,236,0.01366224044,645358.8813507,759033.785335927,651981.412706489,764309.694825486,0.2449494755694,0.2312872351294,2020.3907093443,2020.40437158474,128000000,hCoV-19/Belgium/ULG-10196/2020|EPI_ISL_471431|2020-05-28|Europe
755,238,5.5737703840153e-06,633805.546598275,622351.704162502,633805.400987017,622351.611979575,0.078282808899784,0.0782772351294,2020.2376993443,2020.23770491807,128000000,hCoV-19/Belgium/SG-0328314/2020|EPI_ISL_462168|2020-03-28|Europe
755,237,0.00273781420800001,633805.546598275,622351.704162502,626461.394021058,622732.675814657,0.0810150493374,0.0782772351294,2020.2376993443,2020.24043715851,128000000,hCoV-19/Belgium/Rega-0329219/2020|EPI_ISL_458189|2020-03-29|Europe
756,757,0.02728,632876.093205072,649503.561204938,668560.090113082,648922.853574259,0.0994472351298,0.0721672351298001,2020.2315893443,2020.2588693443,128000000,NA
756,239,0.01158005464,632876.093205072,649503.561204938,650240.392810539,590676.526208046,0.0837472897698001,0.0721672351298001,2020.2315893443,2020.24316939894,128000000,hCoV-19/Belgium/Rega-0330250/2020|EPI_ISL_458220|2020-03-30|Europe
757,758,0.00480999999999998,668560.090113082,648922.853574259,668546.926400834,648902.634329142,0.1042572351298,0.0994472351298,2020.2588693443,2020.2636793443,128000000,NA
757,240,0.04987382514,668560.090113082,648922.853574259,668515.786924669,648899.910593367,0.1493210602698,0.0994472351298,2020.2588693443,2020.30874316944,128000000,SARS2-CoV/Belgium/Human/rega-0423599
758,241,0.00681245901600003,668546.926400834,648902.634329142,668377.865153149,648544.328817877,0.1110696941458,0.1042572351298,2020.2636793443,2020.27049180331,128000000,SARS2-CoV/Belgium/Human/rega-0409560
758,759,0.08820448499,668546.926400834,648902.634329142,668742.586817167,648864.999560716,0.1924617201198,0.1042572351298,2020.2636793443,2020.35188382929,128000000,NA
759,242,0.000575187143599942,668742.586817167,648864.999560716,668743.307657885,648866.179141043,0.1930369072634,0.1924617201198,2020.35188382929,2020.35245901643,128000000,SARS2-CoV/Belgium/Human/rega-0509651
759,760,0.00206551501300001,668742.586817167,648864.999560716,668760.841576256,648869.255702961,0.1945272351328,0.1924617201198,2020.35188382929,2020.3539493443,128000000,NA
760,244,0.08594136612,668760.841576256,648869.255702961,674351.379435583,653692.874256681,0.2804686012528,0.1945272351328,2020.3539493443,2020.43989071042,128000000,SARS2-CoV/Belgium/Human/rega-0610713
760,243,0.03129655738,668760.841576256,648869.255702961,668283.499001835,648042.101101781,0.2258237925128,0.1945272351328,2020.3539493443,2020.38524590168,128000000,SARS2-CoV/Belgium/Human/rega-0521681
761,762,0.00132230996799998,651996.95353463,621747.925129856,651992.090466175,621749.710500669,0.0561872351334,0.0548649251654,2020.21428703433,2020.2156093443,128000000,NA
761,763,0.00029038300990003,651996.95353463,621747.925129856,651991.839145974,621747.496343698,0.0551553081753,0.0548649251654,2020.21428703433,2020.21457741734,128000000,NA
762,246,0.02482781421,651992.090466175,621749.710500669,651999.35127651,621767.443121901,0.0810150493434,0.0561872351334,2020.2156093443,2020.24043715851,128000000,hCoV-19/Belgium/Rega-0329230/2020|EPI_ISL_458200|2020-03-29|Europe
762,245,0.02482781421,651992.090466175,621749.710500669,700086.405736292,579474.665985328,0.0810150493434,0.0561872351334,2020.2156093443,2020.24043715851,128000000,hCoV-19/Belgium/Rega-0329228/2020|EPI_ISL_458198|2020-03-29|Europe
763,247,0.02312750073,651991.839145974,621747.496343698,676522.895667123,669600.373174753,0.0782828089053,0.0551553081753,2020.21457741734,2020.23770491807,128000000,hCoV-19/Belgium/Rega-0328203/2020|EPI_ISL_458173|2020-03-28|Europe
763,764,0.000831926958600016,651991.839145974,621747.496343698,652002.954323982,621758.047122983,0.0559872351339,0.0551553081753,2020.21457741734,2020.2154093443,128000000,NA
764,766,0.2835341074,652002.954323982,621758.047122983,709337.993635865,656027.397031185,0.3395213425339,0.0559872351339,2020.2154093443,2020.4989434517,128000000,NA
764,765,0.02504,652002.954323982,621758.047122983,640876.397427039,581743.487261702,0.0810272351339,0.0559872351339,2020.2154093443,2020.2404493443,128000000,NA
765,248,0.0437036612,640876.397427039,581743.487261702,646636.305705872,608806.95480517,0.1247308963339,0.0810272351339,2020.2404493443,2020.2841530055,128000000,SARS2-CoV/Belgium/Human/rega-0414494
765,249,0.0437036612,640876.397427039,581743.487261702,641140.511268083,581902.034174116,0.1247308963339,0.0810272351339,2020.2404493443,2020.2841530055,128000000,SARS2-CoV/Belgium/Human/rega-0414678
766,769,0.000120561176700007,709337.993635865,656027.397031185,709336.938553802,656026.85324498,0.3396419037106,0.3395213425339,2020.4989434517,2020.49906401288,128000000,NA
766,767,0.00105589256799998,709337.993635865,656027.397031185,709331.369571905,656031.866264569,0.3405772351019,0.3395213425339,2020.4989434517,2020.49999934427,128000000,NA
767,250,0.07923562842,709331.369571905,656031.866264569,709246.602416085,655940.155553266,0.4198128635219,0.3405772351019,2020.49999934427,2020.57923497269,128000000,SARS2-CoV/Belgium/Human/rega-0731778
767,768,0.1174570092,709331.369571905,656031.866264569,640537.973823387,725488.569624117,0.4580342443019,0.3405772351019,2020.49999934427,2020.61745635347,128000000,NA
768,252,2.99853320300247e-05,640537.973823387,725488.569624117,645124.103979611,725381.961346624,0.45806422963393,0.4580342443019,2020.61745635347,2020.6174863388,128000000,hCoV-19/Belgium/ULG-10425/2020|EPI_ISL_581605|2020-08-14|Europe
768,251,2.99853320300247e-05,640537.973823387,725488.569624117,640534.429907666,725488.117316895,0.45806422963393,0.4580342443019,2020.61745635347,2020.6174863388,128000000,hCoV-19/Belgium/ULG-10426/2020|EPI_ISL_581606|2020-08-14|Europe
769,770,0.00667533139100002,709336.938553802,656026.85324498,709234.899015882,655925.10144483,0.3463172351016,0.3396419037106,2020.49906401288,2020.50573934427,128000000,NA
769,1026,0.000935331390799987,709336.938553802,656026.85324498,721641.201014528,686052.864931903,0.3405772351014,0.3396419037106,2020.49906401288,2020.49999934427,128000000,NA
770,775,0.00241000000000002,709234.899015882,655925.10144483,709295.398491768,655955.810957449,0.3487272351016,0.3463172351016,2020.50573934427,2020.50814934427,128000000,NA
770,771,0.05104,709234.899015882,655925.10144483,714421.996216009,657077.719401648,0.3973572351016,0.3463172351016,2020.50573934427,2020.55677934427,128000000,NA
771,772,0.00301000000000001,714421.996216009,657077.719401648,668803.409687435,680302.733966795,0.4003672351016,0.3973572351016,2020.55677934427,2020.55978934427,128000000,NA
771,253,0.02245562842,714421.996216009,657077.719401648,714427.833727631,657080.649432256,0.4198128635216,0.3973572351016,2020.55677934427,2020.57923497269,128000000,SARS2-CoV/Belgium/Human/rega-0731787
772,254,0.1287352459,668803.409687435,680302.733966795,668788.59694836,680356.59033646,0.5291024810016,0.4003672351016,2020.55978934427,2020.68852459017,128000000,SARS2-CoV/Belgium/Human/rega-0909932
772,773,0.03513526226,668803.409687435,680302.733966795,645230.294029048,753687.185140094,0.4355024973616,0.4003672351016,2020.55978934427,2020.59492460653,128000000,NA
773,255,0.000703808780600002,645230.294029048,753687.185140094,645231.472425056,753686.27336976,0.4362063061422,0.4355024973616,2020.59492460653,2020.59562841531,128000000,hCoV-19/Belgium/ULG-10361/2020|EPI_ISL_540528|2020-08-06|Europe
773,774,0.0006947377423,645230.294029048,753687.185140094,644534.833756667,755680.439493645,0.4361972351039,0.4355024973616,2020.59492460653,2020.59561934427,128000000,NA
774,257,9.07103823100108e-06,644534.833756667,755680.439493645,644535.174615972,755680.476822304,0.436206306142131,0.4361972351039,2020.59561934427,2020.59562841531,128000000,hCoV-19/Belgium/ULG-10360/2020|EPI_ISL_540527|2020-08-06|Europe
774,256,0.00274131147500001,644534.833756667,755680.439493645,644474.368972594,756753.99483484,0.4389385465789,0.4361972351039,2020.59561934427,2020.59836065575,128000000,hCoV-19/Belgium/ULG-10362/2020|EPI_ISL_540529|2020-08-07
775,776,0.00239,709295.398491768,655955.810957449,642973.842543554,730715.232376652,0.3511172351016,0.3487272351016,2020.50814934427,2020.51053934427,128000000,NA
775,258,0.07928234973,709295.398491768,655955.810957449,710209.096008,654206.044408632,0.4280095848316,0.3487272351016,2020.50814934427,2020.587431694,128000000,SARS2-CoV/Belgium/Human/rega-0803747
776,813,0.00223000000000001,642973.842543554,730715.232376652,645977.963910291,759127.138550334,0.3533472351016,0.3511172351016,2020.51053934427,2020.51276934427,128000000,NA
776,777,0.0322679553,642973.842543554,730715.232376652,698616.046555254,667589.929432014,0.3833851904016,0.3511172351016,2020.51053934427,2020.54280729957,128000000,NA
777,778,0.000662044704200004,698616.046555254,667589.929432014,672613.100354459,650483.453000157,0.3840472351058,0.3833851904016,2020.54280729957,2020.54346934427,128000000,NA
777,793,0.000656570947000001,698616.046555254,667589.929432014,698619.277910208,667604.39281746,0.3840417613486,0.3833851904016,2020.54280729957,2020.54346387052,128000000,NA
778,779,0.0310896816,672613.100354459,650483.453000157,672754.210558366,650489.714029242,0.4151369167058,0.3840472351058,2020.54346934427,2020.57455902587,128000000,NA
778,781,0.03243713673,672613.100354459,650483.453000157,647260.075326614,738112.942897421,0.4164843718358,0.3840472351058,2020.54346934427,2020.575906481,128000000,NA
779,780,0.0594803184,672754.210558366,650489.714029242,660222.682060166,657827.043680944,0.4746172351058,0.4151369167058,2020.57455902587,2020.63403934427,128000000,NA
779,261,0.007408187249,672754.210558366,650489.714029242,672745.81905819,650491.285194581,0.4225451039548,0.4151369167058,2020.57455902587,2020.58196721312,128000000,SARS2-CoV/Belgium/Human/rega-0801771
780,260,0.07361092896,660222.682060166,657827.043680944,660182.556309793,657826.52951103,0.5482281640658,0.4746172351058,2020.63403934427,2020.70765027323,128000000,SARS2-CoV/Belgium/Human/rega-0916977
780,259,0.1747038251,660222.682060166,657827.043680944,645511.151921017,736462.447784321,0.6493210602058,0.4746172351058,2020.63403934427,2020.80874316937,128000000,hCoV-19/Belgium/ULG-10525/2020|EPI_ISL_626327|2020-10-23|Europe
781,782,0.000172863267200007,647260.075326614,738112.942897421,647259.679839807,738110.925290497,0.416657235103,0.4164843718358,2020.575906481,2020.57607934427,128000000,NA
781,783,0.000172863267200007,647260.075326614,738112.942897421,647259.679839807,738110.925290497,0.416657235103,0.4164843718358,2020.575906481,2020.57607934427,128000000,NA
782,263,0.08785508197,647259.679839807,738110.925290497,649028.66897935,732821.14648178,0.504512317073,0.416657235103,2020.57607934427,2020.66393442624,128000000,hCoV-19/Belgium/ULG-10465/2020|EPI_ISL_581636|2020-08-31|Europe
782,262,0.07419387978,647259.679839807,738110.925290497,646719.734940172,737967.231177761,0.490851114883,0.416657235103,2020.57607934427,2020.65027322405,128000000,hCoV-19/Belgium/ULG-10448/2020|EPI_ISL_581589|2020-08-26
783,784,0.02911038169,647259.679839807,738110.925290497,648798.400314965,738308.743814684,0.445767616793,0.416657235103,2020.57607934427,2020.60518972596,128000000,NA
783,788,0.000259999999999982,647259.679839807,738110.925290497,647186.969130519,738132.017670489,0.416917235103,0.416657235103,2020.57607934427,2020.57633934427,128000000,NA
784,787,0.000533888255499992,648798.400314965,738308.743814684,648797.648525064,738315.301643929,0.4463015050485,0.445767616793,2020.60518972596,2020.60572361422,128000000,NA
784,785,0.02030961831,648798.400314965,738308.743814684,649156.17406579,737097.087755704,0.466077235103,0.445767616793,2020.60518972596,2020.62549934427,128000000,NA
785,264,0.03023836066,649156.17406579,737097.087755704,644064.182456184,731432.027170694,0.496315595763,0.466077235103,2020.62549934427,2020.65573770493,128000000,hCoV-19/Belgium/ULG-10456/2020|EPI_ISL_581580|2020-08-28|Europe
785,786,0.02137,649156.17406579,737097.087755704,649247.302709758,737086.850768323,0.487447235103,0.466077235103,2020.62549934427,2020.64686934427,128000000,NA
786,265,0.00340387978099999,649247.302709758,737086.850768323,649236.251303548,737082.378830857,0.490851114884,0.487447235103,2020.64686934427,2020.65027322405,128000000,hCoV-19/Belgium/ULG-10452/2020|EPI_ISL_581577|2020-08-26|Europe
786,266,0.00340387978099999,649247.302709758,737086.850768323,647807.342644015,747101.234282772,0.490851114884,0.487447235103,2020.64686934427,2020.65027322405,128000000,hCoV-19/Belgium/ULG-10447/2020|EPI_ISL_581623|2020-08-26|Europe
787,267,0.000833762836600027,648797.648525064,738315.301643929,648796.88759702,738313.371853266,0.4471352678851,0.4463015050485,2020.60572361422,2020.60655737705,128000000,hCoV-19/Belgium/ULG-10400/2020|EPI_ISL_540567|2020-08-10|Europe
787,268,0.02815616721,648797.648525064,738315.301643929,654000.12065822,721780.105796063,0.4744576722585,0.4463015050485,2020.60572361422,2020.63387978143,128000000,hCoV-19/Belgium/ULG-10405/2020|EPI_ISL_540572|2020-08-20|Europe
788,269,0.07939836066,647186.969130519,738132.017670489,626756.047270045,714312.470250747,0.496315595763,0.416917235103,2020.57633934427,2020.65573770493,128000000,hCoV-19/Belgium/ULG-10454/2020|EPI_ISL_581628|2020-08-28|Europe
788,789,0.0176,647186.969130519,738132.017670489,645983.805989237,759129.344245472,0.434517235103,0.416917235103,2020.57633934427,2020.59393934427,128000000,NA
789,270,0.00168907103799998,645983.805989237,759129.344245472,645981.674269815,759131.195067782,0.436206306141,0.434517235103,2020.59393934427,2020.59562841531,128000000,hCoV-19/Belgium/ULG-10372/2020|EPI_ISL_540539|2020-08-06|Europe
789,790,0.00223000000000001,645983.805989237,759129.344245472,645977.963910291,759127.138550334,0.436747235103,0.434517235103,2020.59393934427,2020.59616934427,128000000,NA
790,791,0.000730000000000008,645977.963910291,759127.138550334,645982.335450791,759127.055670376,0.437477235103,0.436747235103,2020.59616934427,2020.59689934427,128000000,NA
790,271,0.00219131147500001,645977.963910291,759127.138550334,651143.039968987,741512.927109256,0.438938546578,0.436747235103,2020.59616934427,2020.59836065575,128000000,hCoV-19/Belgium/ULG-10389/2020|EPI_ISL_540556|2020-08-07|Europe
791,792,0.02824512959,645982.335450791,759127.055670376,653071.476314953,741605.520620119,0.465722364693,0.437477235103,2020.59689934427,2020.62514447386,128000000,NA
791,272,0.001461311475,645982.335450791,759127.055670376,647957.626982421,756875.365582659,0.438938546578,0.437477235103,2020.59689934427,2020.59836065575,128000000,hCoV-19/Belgium/ULG-10366/2020|EPI_ISL_540533|2020-08-07|Europe
792,274,0.02512875019,653071.476314953,741605.520620119,640694.391863785,706853.227455196,0.490851114883,0.465722364693,2020.62514447386,2020.65027322405,128000000,hCoV-19/Belgium/ULG-10450/2020|EPI_ISL_581625|2020-08-26|Europe
792,273,0.000538586253999995,653071.476314953,741605.520620119,653069.834893965,741603.683802993,0.466260950947,0.465722364693,2020.62514447386,2020.62568306011,128000000,hCoV-19/Belgium/ULG-10625/2020|EPI_ISL_626234|2020-08-17|Europe
793,794,0.00654547375699999,698619.277910208,667604.39281746,705600.566160243,664093.331320748,0.3905872351056,0.3840417613486,2020.54346387052,2020.55000934427,128000000,NA
793,812,5.47375718001897e-06,698619.277910208,667604.39281746,698617.06707626,667605.427143431,0.38404723510578,0.3840417613486,2020.54346387052,2020.54346934427,128000000,NA
794,795,0.02076,705600.566160243,664093.331320748,640755.482795644,756106.562977889,0.4113472351056,0.3905872351056,2020.55000934427,2020.57076934427,128000000,NA
794,796,0.00190000000000001,705600.566160243,664093.331320748,614536.841115922,602355.547003922,0.3924872351056,0.3905872351056,2020.55000934427,2020.55190934427,128000000,NA
795,275,0.05491371585,640755.482795644,756106.562977889,640771.782579431,756111.357558478,0.4662609509556,0.4113472351056,2020.57076934427,2020.62568306012,128000000,hCoV-19/Belgium/ULG-10621/2020|EPI_ISL_626233|2020-08-17|Europe
795,276,0.05218147541,640755.482795644,756106.562977889,644883.528587836,729745.42766004,0.4635287105156,0.4113472351056,2020.57076934427,2020.62295081968,128000000,hCoV-19/Belgium/ULG-10623/2020|EPI_ISL_626231|2020-08-16|Europe
796,277,3.2240437580211e-06,614536.841115922,602355.547003922,705602.914104876,664085.102479649,0.392490459149358,0.3924872351056,2020.55190934427,2020.55191256832,128000000,SARS2-CoV/Belgium/Human/rega-0721838
796,797,0.02072,614536.841115922,602355.547003922,647062.704088177,737017.112845309,0.4132072351056,0.3924872351056,2020.55190934427,2020.57262934427,128000000,NA
797,798,0.00189,647062.704088177,737017.112845309,647074.262067586,737021.817632411,0.4150972351056,0.4132072351056,2020.57262934427,2020.57451934427,128000000,NA
797,801,0.00279459879499999,647062.704088177,737017.112845309,647080.949659547,737010.393381586,0.4160018339006,0.4132072351056,2020.57262934427,2020.57542394307,128000000,NA
798,800,0.00165999999999999,647074.262067586,737021.817632411,647071.275355382,737016.667950594,0.4167572351056,0.4150972351056,2020.57451934427,2020.57617934427,128000000,NA
798,799,0.00197000000000003,647074.262067586,737021.817632411,646244.052064915,738067.375220266,0.4170672351056,0.4150972351056,2020.57451934427,2020.57648934427,128000000,NA
799,279,1.33879781200053e-05,646244.052064915,738067.375220266,646200.764454022,737997.944681658,0.41708062308372,0.4170672351056,2020.57648934427,2020.57650273225,128000000,hCoV-19/Belgium/ULG-10336/2020|EPI_ISL_540503|2020-07-30|Europe
799,278,0.00547786885200002,646244.052064915,738067.375220266,710538.118541526,664983.237792552,0.4225451039576,0.4170672351056,2020.57648934427,2020.58196721313,128000000,SARS2-CoV/Belgium/Human/rega-0801798
800,280,0.04130699454,647071.275355382,737016.667950594,649125.927545318,739224.292391334,0.4580642296456,0.4167572351056,2020.57617934427,2020.61748633881,128000000,hCoV-19/Belgium/ULG-10429/2020|EPI_ISL_581607|2020-08-14|Europe
800,281,0.04950371585,647071.275355382,737016.667950594,607629.466261412,743270.027914549,0.4662609509556,0.4167572351056,2020.57617934427,2020.62568306012,128000000,hCoV-19/Belgium/ULG-10434/2020|EPI_ISL_581612|2020-08-17|Europe
801,802,0.0005454012053,647080.949659547,737010.393381586,647073.777784612,737007.656640861,0.4165472351059,0.4160018339006,2020.57542394307,2020.57596934427,128000000,NA
801,803,0.00155604466199999,647080.949659547,737010.393381586,647082.162000057,737008.311771685,0.4175578785626,0.4160018339006,2020.57542394307,2020.57697998773,128000000,NA
802,283,0.05517819672,647073.777784612,737007.656640861,633207.1514145,738829.871199728,0.4717254318259,0.4165472351059,2020.57596934427,2020.63114754099,128000000,hCoV-19/Belgium/ULG-10402/2020|EPI_ISL_540569|2020-08-19|Europe
802,282,0.02239131148,647073.777784612,737007.656640861,646063.68449455,734261.371615601,0.4389385465859,0.4165472351059,2020.57596934427,2020.59836065575,128000000,hCoV-19/Belgium/ULG-10391/2020|EPI_ISL_540558|2020-08-07|Europe
803,804,0.000919356543200023,647082.162000057,737008.311771685,647082.614497938,737011.037649808,0.4184772351058,0.4175578785626,2020.57697998773,2020.57789934427,128000000,NA
803,805,0.001399356543,647082.162000057,737008.311771685,647074.011750836,736975.436003832,0.4189572351056,0.4175578785626,2020.57697998773,2020.57837934427,128000000,NA
804,284,0.00133562841500001,647082.614497938,737011.037649808,647079.565165793,737013.205617803,0.4198128635208,0.4184772351058,2020.57789934427,2020.57923497269,128000000,hCoV-19/Belgium/ULG-10338/2020|EPI_ISL_540505|2020-07-31|Europe
804,285,0.00133562841500001,647082.614497938,737011.037649808,646981.349150638,755728.40028816,0.4198128635208,0.4184772351058,2020.57789934427,2020.57923497269,128000000,hCoV-19/Belgium/ULG-10339/2020|EPI_ISL_540506|2020-07-31|Europe
805,807,0.000240000000000018,647074.011750836,736975.436003832,647073.231933016,736977.192983479,0.4191972351056,0.4189572351056,2020.57837934427,2020.57861934427,128000000,NA
805,806,0.00905,647074.011750836,736975.436003832,710169.309861777,652388.463783275,0.4280072351056,0.4189572351056,2020.57837934427,2020.58742934427,128000000,NA
806,287,2.34972685297929e-06,710169.309861777,652388.463783275,710169.533188986,652388.542767946,0.428009584832453,0.4280072351056,2020.58742934427,2020.587431694,128000000,SARS2-CoV/Belgium/Human/rega-0803745
806,286,2.34972685297929e-06,710169.309861777,652388.463783275,712316.409214861,653765.464861372,0.428009584832453,0.4280072351056,2020.58742934427,2020.587431694,128000000,SARS2-CoV/Belgium/Human/rega-0803740
807,808,0.02086,647073.231933016,736977.192983479,647983.61655055,737529.864140326,0.4400572351056,0.4191972351056,2020.57861934427,2020.59947934427,128000000,NA
807,288,0.04706371585,647073.231933016,736977.192983479,646233.906646155,722579.564229012,0.4662609509556,0.4191972351056,2020.57861934427,2020.62568306012,128000000,hCoV-19/Belgium/ULG-10442/2020|EPI_ISL_581619|2020-08-17|Europe
808,289,0.01800699454,647983.61655055,737529.864140326,648167.291869669,737662.347512541,0.4580642296456,0.4400572351056,2020.59947934427,2020.61748633881,128000000,hCoV-19/Belgium/ULG-10430/2020|EPI_ISL_581608|2020-08-14|Europe
808,809,0.00229000000000001,647983.61655055,737529.864140326,647776.791508111,737342.341138346,0.4423472351056,0.4400572351056,2020.59947934427,2020.60176934427,128000000,NA
809,810,0.00444733035700001,647776.791508111,737342.341138346,647798.058761567,737437.231544568,0.4467945654626,0.4423472351056,2020.60176934427,2020.60621667463,128000000,NA
809,811,0.01953,647776.791508111,737342.341138346,647766.518197129,737328.667158087,0.4618772351056,0.4423472351056,2020.60176934427,2020.62129934427,128000000,NA
810,290,0.01126966418,647798.058761567,737437.231544568,647795.534237747,737038.803066703,0.4580642296426,0.4467945654626,2020.60621667463,2020.61748633881,128000000,hCoV-19/Belgium/ULG-10433/2020|EPI_ISL_581611|2020-08-14|Europe
810,291,0.000340702430299988,647798.058761567,737437.231544568,647798.745050835,737436.852683128,0.4471352678929,0.4467945654626,2020.60621667463,2020.60655737706,128000000,hCoV-19/Belgium/ULG-10393/2020|EPI_ISL_540560|2020-08-10|Europe
811,292,0.1409957377,647766.518197129,737328.667158087,679885.849612299,658016.9224255,0.6028729728056,0.4618772351056,2020.62129934427,2020.76229508197,128000000,SARS2-CoV/Belgium/Human/rega-10061046
811,293,0.00438371584699998,647766.518197129,737328.667158087,647382.974922865,736246.813393139,0.4662609509526,0.4618772351056,2020.62129934427,2020.62568306012,128000000,hCoV-19/Belgium/ULG-10437/2020|EPI_ISL_581615|2020-08-17|Europe
812,295,0.03849786885,698617.06707626,667605.427143431,708677.306659846,634166.276144966,0.42254510395578,0.38404723510578,2020.54346934427,2020.58196721312,128000000,SARS2-CoV/Belgium/Human/rega-0801793
812,294,0.008443224044,698617.06707626,667605.427143431,698627.93413148,667603.654920823,0.39249045914978,0.38404723510578,2020.54346934427,2020.55191256832,128000000,SARS2-CoV/Belgium/Human/rega-0721813
813,816,0.00219000000000003,645977.963910291,759127.138550334,709293.553539997,655956.095348066,0.3555372351016,0.3533472351016,2020.51276934427,2020.51495934427,128000000,NA
813,814,0.03822594121,645977.963910291,759127.138550334,719017.975727279,675239.434991885,0.3915731763116,0.3533472351016,2020.51276934427,2020.55099528548,128000000,NA
814,296,0.00091728283839998,719017.975727279,675239.434991885,721890.394797053,676671.931554192,0.39249045915,0.3915731763116,2020.55099528548,2020.55191256832,128000000,SARS2-CoV/Belgium/Human/rega-0721837
814,815,0.00848662338099998,719017.975727279,675239.434991885,719111.535335005,675264.251194244,0.4000597996926,0.3915731763116,2020.55099528548,2020.55948190886,128000000,NA
815,298,0.000627380768700003,719111.535335005,675264.251194244,719103.059633129,675250.667063776,0.4006871804613,0.4000597996926,2020.55948190886,2020.56010928963,128000000,hCoV-19/Belgium/ULG-10296/2020|EPI_ISL_540463|2020-07-24|Europe
815,297,0.000627380768700003,719111.535335005,675264.251194244,722359.745578641,675669.445537793,0.4006871804613,0.4000597996926,2020.55948190886,2020.56010928963,128000000,hCoV-19/Belgium/ULG-10295/2020|EPI_ISL_540462|2020-07-24|Europe
816,299,0.04241770492,709293.553539997,655956.095348066,634871.816073884,580950.488881834,0.3979549400216,0.3555372351016,2020.51495934427,2020.55737704919,128000000,hCoV-19/Belgium/ULG-10290/2020|EPI_ISL_540457|2020-07-23|Europe
816,817,0.00208999999999998,709293.553539997,655956.095348066,647836.307393084,730794.645923572,0.3576272351016,0.3555372351016,2020.51495934427,2020.51704934427,128000000,NA
817,818,0.00202531620099999,647836.307393084,730794.645923572,635108.157997806,753561.353229511,0.3596525513026,0.3576272351016,2020.51704934427,2020.51907466047,128000000,NA
817,822,0.0271899324,647836.307393084,730794.645923572,647832.189544399,730796.484344974,0.3848171675016,0.3576272351016,2020.51704934427,2020.54423927667,128000000,NA
818,300,5.10225966500188e-05,635108.157997806,753561.353229511,631364.732998066,734020.954282623,0.35970357389925,0.3596525513026,2020.51907466047,2020.51912568307,128000000,hCoV-19/Belgium/ULG-10273/2020|EPI_ISL_515080|2020-07-09|Europe
818,819,0.01370945878,635108.157997806,753561.353229511,635110.607292312,753565.483045763,0.3733620100826,0.3596525513026,2020.51907466047,2020.53278411925,128000000,NA
819,820,0.007423937223,635110.607292312,753565.483045763,647622.28186579,737361.561861001,0.3807859473056,0.3733620100826,2020.53278411925,2020.54020805647,128000000,NA
819,301,2.76600630100265e-06,635110.607292312,753565.483045763,635110.681001041,753565.636173796,0.373364776088901,0.3733620100826,2020.53278411925,2020.53278688526,128000000,hCoV-19/Belgium/ULG-10261/2020|EPI_ISL_515068|2020-07-14|Europe
820,821,0.0492574442,647622.28186579,737361.561861001,647614.023214678,737381.962240675,0.4300433915056,0.3807859473056,2020.54020805647,2020.58946550067,128000000,NA
820,302,0.000775550095000022,647622.28186579,737361.561861001,636279.54445572,716780.835418384,0.3815614974006,0.3807859473056,2020.54020805647,2020.54098360657,128000000,hCoV-19/Belgium/ULG-10249/2020|EPI_ISL_515056|2020-07-17|Europe
821,303,0.00889515507499999,647614.023214678,737381.962240675,646905.686548196,738147.537080762,0.4389385465806,0.4300433915056,2020.58946550067,2020.59836065575,128000000,hCoV-19/Belgium/ULG-10367/2020|EPI_ISL_540534|2020-08-07|Europe
821,304,0.00069843376369999,647614.023214678,737381.962240675,647617.056305645,737385.384611951,0.4307418252693,0.4300433915056,2020.58946550067,2020.59016393444,128000000,hCoV-19/Belgium/ULG-10368/2020|EPI_ISL_540535|2020-08-04|Europe
822,823,0.000780067597099976,647832.189544399,730796.484344974,647834.88813301,730796.438077386,0.3855972350987,0.3848171675016,2020.54423927667,2020.54501934427,128000000,NA
822,828,0.00266006759699999,647832.189544399,730796.484344974,647831.42248391,730797.460074637,0.3874772350986,0.3848171675016,2020.54423927667,2020.54689934427,128000000,NA
823,305,0.01235770492,647834.88813301,730796.438077386,647837.243356264,730787.656867998,0.3979549400187,0.3855972350987,2020.54501934427,2020.55737704919,128000000,hCoV-19/Belgium/ULG-10285/2020|EPI_ISL_540452|2020-07-23|Europe
823,824,0.03008630892,647834.88813301,730796.438077386,638150.28947269,703788.288960683,0.4156835440187,0.3855972350987,2020.54501934427,2020.57510565319,128000000,NA
824,825,0.000323691082699973,638150.28947269,703788.288960683,638166.865929127,703789.013718004,0.4160072351014,0.4156835440187,2020.57510565319,2020.57542934427,128000000,NA
824,306,0.01232604081,638150.28947269,703788.288960683,715742.519765032,655908.667434086,0.4280095848287,0.4156835440187,2020.57510565319,2020.587431694,128000000,SARS2-CoV/Belgium/Human/rega-0803733
825,827,0.00280999999999998,638166.865929127,703789.013718004,711390.649568407,660748.92272177,0.4188172351014,0.4160072351014,2020.57542934427,2020.57823934427,128000000,NA
825,826,0.01473,638166.865929127,703789.013718004,638342.825308603,703813.463666251,0.4307372351014,0.4160072351014,2020.57542934427,2020.59015934427,128000000,NA
826,308,0.02732699454,638342.825308603,703813.463666251,635653.012445848,717138.197500082,0.4580642296414,0.4307372351014,2020.59015934427,2020.61748633881,128000000,hCoV-19/Belgium/ULG-10421/2020|EPI_ISL_581603|2020-08-14|Europe
826,307,4.59016397902356e-06,638342.825308603,703813.463666251,638343.467856528,703813.126307492,0.430741825265379,0.4307372351014,2020.59015934427,2020.59016393443,128000000,hCoV-19/Belgium/ULG-10340/2020|EPI_ISL_540507|2020-08-04|Europe
827,309,0.00372786885199999,711390.649568407,660748.92272177,711389.731121215,660761.329496744,0.4225451039534,0.4188172351014,2020.57823934427,2020.58196721312,128000000,SARS2-CoV/Belgium/Human/rega-0801788
827,310,0.1840557377,711390.649568407,660748.92272177,665686.784486678,662725.414802288,0.6028729728014,0.4188172351014,2020.57823934427,2020.76229508197,128000000,SARS2-CoV/Belgium/Human/rega-10061010
828,876,0.004311855807,647831.42248391,730797.460074637,647835.231961177,730789.315745033,0.3917890909056,0.3874772350986,2020.54689934427,2020.55121120007,128000000,NA
828,829,0.00189,647831.42248391,730797.460074637,647074.262067586,737021.817632411,0.3893672350986,0.3874772350986,2020.54689934427,2020.54878934427,128000000,NA
829,830,0.01065,647074.262067586,737021.817632411,680390.223829608,708547.141588225,0.4000172350986,0.3893672350986,2020.54878934427,2020.55943934427,128000000,NA
829,836,0.00195000000000001,647074.262067586,737021.817632411,621567.847310999,612579.46206581,0.3913172350986,0.3893672350986,2020.54878934427,2020.55073934427,128000000,NA
830,834,8.00000000000245e-05,680390.223829608,708547.141588225,680389.635391148,708547.335776156,0.4000972350986,0.4000172350986,2020.55943934427,2020.55951934427,128000000,NA
830,831,3.99999999999845e-05,680390.223829608,708547.141588225,680390.910613113,708546.319976621,0.4000572350986,0.4000172350986,2020.55943934427,2020.55947934427,128000000,NA
831,832,0.0164102778,680390.910613113,708546.319976621,645731.721271516,723375.67830554,0.4164675128986,0.4000572350986,2020.55947934427,2020.57588962207,128000000,NA
831,833,0.000539999999999985,680390.910613113,708546.319976621,680413.470763979,708533.002577683,0.4005972350986,0.4000572350986,2020.55947934427,2020.56001934427,128000000,NA
832,312,0.00061311017479998,645731.721271516,723375.67830554,648456.056895466,730980.864004091,0.4170806230734,0.4164675128986,2020.57588962207,2020.57650273224,128000000,hCoV-19/Belgium/ULG-10330/2020|EPI_ISL_540497|2020-07-30|Europe
832,311,0.00061311017479998,645731.721271516,723375.67830554,645735.833008045,723383.608249288,0.4170806230734,0.4164675128986,2020.57588962207,2020.57650273224,128000000,hCoV-19/Belgium/ULG-10331/2020|EPI_ISL_540498|2020-07-30|Europe
833,313,0.07112819672,680413.470763979,708533.002577683,650516.200458667,740150.831764813,0.4717254318186,0.4005972350986,2020.56001934427,2020.63114754099,128000000,hCoV-19/Belgium/ULG-10401/2020|EPI_ISL_540568|2020-08-19|Europe
833,314,0.01921562842,680413.470763979,708533.002577683,723791.016634535,651915.028885839,0.4198128635186,0.4005972350986,2020.56001934427,2020.57923497269,128000000,SARS2-CoV/Belgium/Human/rega-0731785
834,315,0.1508631694,680389.635391148,708547.335776156,680137.080201169,708525.451103106,0.5509604044986,0.4000972350986,2020.55951934427,2020.71038251367,128000000,SARS2-CoV/Belgium/Human/rega-0917992
834,835,0.1502338007,680389.635391148,708547.335776156,676534.020169149,647290.437821432,0.5503310357986,0.4000972350986,2020.55951934427,2020.70975314497,128000000,NA
835,317,0.00062936866450003,676534.020169149,647290.437821432,676662.095612583,647939.333909252,0.5509604044631,0.5503310357986,2020.70975314497,2020.71038251363,128000000,SARS2-CoV/Belgium/Human/rega-0917995
835,316,0.00062936866450003,676534.020169149,647290.437821432,676535.086909789,647297.101178773,0.5509604044631,0.5503310357986,2020.70975314497,2020.71038251363,128000000,SARS2-CoV/Belgium/Human/rega-0917986
836,837,0.00191999999999998,621567.847310999,612579.46206581,704097.206771413,685605.914707303,0.3932372350986,0.3913172350986,2020.55073934427,2020.55265934427,128000000,NA
836,842,0.00539000000000001,621567.847310999,612579.46206581,650236.582718381,739730.773001726,0.3967072350986,0.3913172350986,2020.55073934427,2020.55612934427,128000000,NA
837,838,0.001903844943,704097.206771413,685605.914707303,713293.039804098,653196.000243359,0.3951410800416,0.3932372350986,2020.55265934427,2020.55456318921,128000000,NA
837,839,0.00264999999999999,704097.206771413,685605.914707303,704099.499756722,685608.825012225,0.3958872350986,0.3932372350986,2020.55265934427,2020.55530934427,128000000,NA
838,318,8.16195377599804e-05,713293.039804098,653196.000243359,713294.680422683,653197.236930071,0.39522269957936,0.3951410800416,2020.55456318921,2020.55464480875,128000000,SARS2-CoV/Belgium/Human/rega-0722803
838,319,0.05199418784,713293.039804098,653196.000243359,647994.828496659,742812.68478606,0.4471352678816,0.3951410800416,2020.55456318921,2020.60655737705,128000000,hCoV-19/Belgium/ULG-10392/2020|EPI_ISL_540559|2020-08-10|Europe
839,841,0.00120306538300002,704099.499756722,685608.825012225,705595.634348827,680898.838313895,0.3970903004816,0.3958872350986,2020.55530934427,2020.55651240965,128000000,NA
839,840,0.00126652058299997,704099.499756722,685608.825012225,704094.798786769,685609.242895148,0.3971537556816,0.3958872350986,2020.55530934427,2020.55657586485,128000000,NA
840,321,0.0008011843347,704094.798786769,685609.242895148,704104.867981147,685606.419813246,0.3979549400163,0.3971537556816,2020.55657586485,2020.55737704918,128000000,hCoV-19/Belgium/ULG-10298/2020|EPI_ISL_540465|2020-07-23|Europe
840,320,0.0008011843347,704094.798786769,685609.242895148,709212.986237445,651750.114413837,0.3979549400163,0.3971537556816,2020.55657586485,2020.55737704918,128000000,SARS2-CoV/Belgium/Human/rega-0723821
841,323,0.00086463953510002,705595.634348827,680898.838313895,698026.454275879,665953.191476768,0.3979549400167,0.3970903004816,2020.55651240965,2020.55737704918,128000000,hCoV-19/Belgium/ULG-10275/2020|EPI_ISL_540442|2020-07-23|Europe
841,322,0.00359687997199998,705595.634348827,680898.838313895,705606.187294572,680913.355533539,0.4006871804536,0.3970903004816,2020.55651240965,2020.56010928962,128000000,hCoV-19/Belgium/ULG-10297/2020|EPI_ISL_540464|2020-07-24|Europe
842,843,0.00701000000000002,650236.582718381,739730.773001726,650232.951157191,739740.491481647,0.4037172350986,0.3967072350986,2020.55612934427,2020.56313934427,128000000,NA
842,858,0.00191000000000002,650236.582718381,739730.773001726,647730.498604475,740429.767500918,0.3986172350986,0.3967072350986,2020.55612934427,2020.55803934427,128000000,NA
843,844,0.02514,650232.951157191,739740.491481647,650216.390690347,739738.365633758,0.4288572350986,0.4037172350986,2020.56313934427,2020.58827934427,128000000,NA
843,846,0.01027,650232.951157191,739740.491481647,648789.111340828,736406.306502455,0.4139872350986,0.4037172350986,2020.56313934427,2020.57340934427,128000000,NA
844,845,0.01777074446,650216.390690347,739738.365633758,648134.608137029,739395.918454103,0.4466279795586,0.4288572350986,2020.58827934427,2020.60605008873,128000000,NA
844,324,0.001884590164,650216.390690347,739738.365633758,650217.85767815,739739.732426551,0.4307418252626,0.4288572350986,2020.58827934427,2020.59016393443,128000000,hCoV-19/Belgium/ULG-10369/2020|EPI_ISL_540536|2020-08-04|Europe
845,325,0.02509745227,648134.608137029,739395.918454103,647555.611333432,740792.614848434,0.4717254318286,0.4466279795586,2020.60605008873,2020.631147541,128000000,hCoV-19/Belgium/ULG-10403/2020|EPI_ISL_540570|2020-08-19|Europe
845,326,0.000507288331299982,648134.608137029,739395.918454103,648136.840026019,739398.475780882,0.4471352678899,0.4466279795586,2020.60605008873,2020.60655737706,128000000,hCoV-19/Belgium/ULG-10395/2020|EPI_ISL_540562|2020-08-10|Europe
846,847,0.00052000000000002,648789.111340828,736406.306502455,648787.22049664,736395.078035454,0.4145072350986,0.4139872350986,2020.57340934427,2020.57392934427,128000000,NA
846,848,0.00186999999999998,648789.111340828,736406.306502455,648785.119921418,736403.33874043,0.4158572350986,0.4139872350986,2020.57340934427,2020.57527934427,128000000,NA
847,327,0.02169907104,648787.22049664,736395.078035454,651809.016699321,739567.843141881,0.4362063061386,0.4145072350986,2020.57392934427,2020.59562841531,128000000,hCoV-19/Belgium/ULG-10373/2020|EPI_ISL_540540|2020-08-06|Europe
847,328,0.02169907104,648787.22049664,736395.078035454,648755.109138126,736362.290950386,0.4362063061386,0.4145072350986,2020.57392934427,2020.59562841531,128000000,hCoV-19/Belgium/ULG-10359/2020|EPI_ISL_540526|2020-08-06|Europe
848,849,0.00294655676799999,648785.119921418,736403.33874043,648793.186357636,736413.153731656,0.4188037918666,0.4158572350986,2020.57527934427,2020.57822590103,128000000,NA
848,852,0.00151644387200001,648785.119921418,736403.33874043,709466.376449119,657164.276247059,0.4173736789706,0.4158572350986,2020.57527934427,2020.57679578814,128000000,NA
849,850,0.000873443231899973,648793.186357636,736413.153731656,648790.541972772,736410.992828206,0.4196772350985,0.4188037918666,2020.57822590103,2020.57909934427,128000000,NA
849,851,0.000463443231900007,648793.186357636,736413.153731656,648799.100150529,736419.900380517,0.4192672350985,0.4188037918666,2020.57822590103,2020.57868934427,128000000,NA
850,329,0.09029956284,648790.541972772,736410.992828206,644465.978596475,737906.728677011,0.5099767979385,0.4196772350985,2020.57909934427,2020.66939890711,128000000,hCoV-19/Belgium/ULG-10610/2020|EPI_ISL_626245|2020-09-02|Europe
850,330,0.04658371585,648790.541972772,736410.992828206,646936.274386009,737293.461233156,0.4662609509485,0.4196772350985,2020.57909934427,2020.62568306012,128000000,hCoV-19/Belgium/ULG-10431/2020|EPI_ISL_581609|2020-08-17|Europe
851,331,0.2956275956,648799.100150529,736419.900380517,643683.809836372,733742.69652071,0.7148948306985,0.4192672350985,2020.57868934427,2020.87431693987,128000000,hCoV-19/Belgium/ULG-10785/2020|EPI_ISL_661221|2020-11-16|Europe
851,332,0.03879699454,648799.100150529,736419.900380517,651075.895214083,739080.260543547,0.4580642296385,0.4192672350985,2020.57868934427,2020.61748633881,128000000,hCoV-19/Belgium/ULG-10417/2020|EPI_ISL_581599|2020-08-14|Europe
852,853,0.000363556128199993,709466.376449119,657164.276247059,709469.275369107,657165.591313658,0.4177372350988,0.4173736789706,2020.57679578814,2020.57715934427,128000000,NA
852,854,0.00196094041299999,709466.376449119,657164.276247059,640160.306871633,736861.246794271,0.4193346193836,0.4173736789706,2020.57679578814,2020.57875672855,128000000,NA
853,333,0.00207562841499997,709469.275369107,657165.591313658,709467.925882405,657167.17331993,0.4198128635138,0.4177372350988,2020.57715934427,2020.57923497268,128000000,SARS2-CoV/Belgium/Human/rega-0731779
853,334,0.01027234973,709469.275369107,657165.591313658,707535.299454255,652226.346750621,0.4280095848288,0.4177372350988,2020.57715934427,2020.587431694,128000000,SARS2-CoV/Belgium/Human/rega-0803746
854,855,0.00018261571549999,640160.306871633,736861.246794271,640157.849393993,736862.000727001,0.4195172350991,0.4193346193836,2020.57875672855,2020.57893934427,128000000,NA
854,335,0.07698097637,640160.306871633,736861.246794271,637318.980501753,733151.534329435,0.4963155957536,0.4193346193836,2020.57875672855,2020.65573770492,128000000,hCoV-19/Belgium/ULG-10458/2020|EPI_ISL_581631|2020-08-28|Europe
855,857,0.01122,640157.849393993,736862.000727001,642937.870852848,734839.730497029,0.4307372350991,0.4195172350991,2020.57893934427,2020.59015934427,128000000,NA
855,856,0.01122,640157.849393993,736862.000727001,642937.870852848,734839.730497029,0.4307372350991,0.4195172350991,2020.57893934427,2020.59015934427,128000000,NA
856,336,4.59016397902356e-06,642937.870852848,734839.730497029,642937.478332352,734839.373557056,0.430741825263079,0.4307372350991,2020.59015934427,2020.59016393443,128000000,hCoV-19/Belgium/ULG-10350/2020|EPI_ISL_540517|2020-08-04|Europe
856,337,0.02732699454,642937.870852848,734839.730497029,652413.373265437,737101.899412624,0.4580642296391,0.4307372350991,2020.59015934427,2020.61748633881,128000000,hCoV-19/Belgium/ULG-10415/2020|EPI_ISL_581597|2020-08-14|Europe
857,339,4.59016397902356e-06,642937.870852848,734839.730497029,640175.622341046,736883.735405622,0.430741825263079,0.4307372350991,2020.59015934427,2020.59016393443,128000000,hCoV-19/Belgium/ULG-10354/2020|EPI_ISL_540521|2020-08-04|Europe
857,338,4.59016397902356e-06,642937.870852848,734839.730497029,646618.360752043,724570.597679778,0.430741825263079,0.4307372350991,2020.59015934427,2020.59016393443,128000000,hCoV-19/Belgium/ULG-10353/2020|EPI_ISL_540520|2020-08-04|Europe
858,860,0.01178,647730.498604475,740429.767500918,647766.261374395,740450.686813902,0.4103972350986,0.3986172350986,2020.55803934427,2020.56981934427,128000000,NA
858,859,0.00119231687999999,647730.498604475,740429.767500918,708865.582356933,667967.548520412,0.3998095519786,0.3986172350986,2020.55803934427,2020.55923166115,128000000,NA
859,341,0.000877628475499992,708865.582356933,667967.548520412,708864.838960431,667957.759511766,0.4006871804541,0.3998095519786,2020.55923166115,2020.56010928962,128000000,hCoV-19/Belgium/ULG-10280/2020|EPI_ISL_540447|2020-07-24|Europe
859,340,0.000877628475499992,708865.582356933,667967.548520412,646069.154609436,740075.647543252,0.4006871804541,0.3998095519786,2020.55923166115,2020.56010928962,128000000,hCoV-19/Belgium/ULG-10307/2020|EPI_ISL_540474|2020-07-24|Europe
860,866,0.00606000000000001,647766.261374395,740450.686813902,647768.021620418,740445.350658936,0.4164572350986,0.4103972350986,2020.56981934427,2020.57587934427,128000000,NA
860,861,0.00205,647766.261374395,740450.686813902,647762.176014843,740438.534305905,0.4124472350986,0.4103972350986,2020.56981934427,2020.57186934427,128000000,NA
861,862,0.00190000000000001,647762.176014843,740438.534305905,614536.841115922,602355.547003922,0.4143472350986,0.4124472350986,2020.57186934427,2020.57376934427,128000000,NA
861,863,0.00561,647762.176014843,740438.534305905,704848.349429536,711379.048638087,0.4180572350986,0.4124472350986,2020.57186934427,2020.57747934427,128000000,NA
862,342,0.00273338797799999,614536.841115922,602355.547003922,646275.440823628,740174.694658873,0.4170806230766,0.4143472350986,2020.57376934427,2020.57650273224,128000000,hCoV-19/Belgium/ULG-10334/2020|EPI_ISL_540501|2020-07-30|Europe
862,343,1.14754099500569e-06,614536.841115922,602355.547003922,623957.525944348,741840.753661884,0.414348382639595,0.4143472350986,2020.57376934427,2020.57377049181,128000000,hCoV-19/Belgium/ULG-10323/2020|EPI_ISL_540490|2020-07-29|Europe
863,865,0.001,704848.349429536,711379.048638087,704850.597427414,711378.334899908,0.4190572350986,0.4180572350986,2020.57747934427,2020.57847934427,128000000,NA
863,864,0.001,704848.349429536,711379.048638087,704850.597427414,711378.334899908,0.4190572350986,0.4180572350986,2020.57747934427,2020.57847934427,128000000,NA
864,345,0.00348786885199998,704850.597427414,711378.334899908,704846.872090522,711378.780639122,0.4225451039506,0.4190572350986,2020.57847934427,2020.58196721312,128000000,SARS2-CoV/Belgium/Human/rega-0801784
864,344,0.00348786885199998,704850.597427414,711378.334899908,702912.708491649,662660.17617365,0.4225451039506,0.4190572350986,2020.57847934427,2020.58196721312,128000000,SARS2-CoV/Belgium/Human/rega-0801796
865,347,0.00622010928900002,704850.597427414,711378.334899908,719674.515077898,652421.254196589,0.4252773443876,0.4190572350986,2020.57847934427,2020.58469945356,128000000,SARS2-CoV/Belgium/Human/rega-0802750
865,346,0.00348786885199998,704850.597427414,711378.334899908,696980.915017896,687621.236374747,0.4225451039506,0.4190572350986,2020.57847934427,2020.58196721312,128000000,SARS2-CoV/Belgium/Human/rega-0801795
866,867,0.000120000000000009,647768.021620418,740445.350658936,647767.863084788,740443.605751102,0.4165772350986,0.4164572350986,2020.57587934427,2020.57599934427,128000000,NA
866,871,0.05656,647768.021620418,740445.350658936,673856.998465361,673777.635401016,0.4730172350986,0.4164572350986,2020.57587934427,2020.63243934427,128000000,NA
867,348,0.01962907104,647767.863084788,740443.605751102,647633.410828759,740542.120863629,0.4362063061386,0.4165772350986,2020.57599934427,2020.59562841531,128000000,hCoV-19/Belgium/ULG-10358/2020|EPI_ISL_540525|2020-08-06|Europe
867,868,0.01738,647767.863084788,740443.605751102,647584.709679028,739710.716424981,0.4339572350986,0.4165772350986,2020.57599934427,2020.59337934427,128000000,NA
868,869,0.0015,647584.709679028,739710.716424981,647581.961741272,739706.556446295,0.4354572350986,0.4339572350986,2020.59337934427,2020.59487934427,128000000,NA
868,870,0.00193258179700001,647584.709679028,739710.716424981,647880.267589703,737654.098545744,0.4358898168956,0.4339572350986,2020.59337934427,2020.59531192606,128000000,NA
869,349,0.000749071038199989,647581.961741272,739706.556446295,647587.650807962,739707.623171156,0.4362063061368,0.4354572350986,2020.59487934427,2020.5956284153,128000000,hCoV-19/Belgium/ULG-10356/2020|EPI_ISL_540523|2020-08-06|Europe
869,350,0.00348131147500003,647581.961741272,739706.556446295,648536.008821303,736695.543348775,0.4389385465736,0.4354572350986,2020.59487934427,2020.59836065574,128000000,hCoV-19/Belgium/ULG-10384/2020|EPI_ISL_540551|2020-08-07|Europe
870,351,0.000316489241599993,647880.267589703,737654.098545744,647881.029739187,737655.027787103,0.4362063061372,0.4358898168956,2020.59531192606,2020.59562841531,128000000,hCoV-19/Belgium/ULG-10363/2020|EPI_ISL_540530|2020-08-06|Europe
870,352,0.01124545099,647880.267589703,737654.098545744,651562.293552007,737716.867950899,0.4471352678856,0.4358898168956,2020.59531192606,2020.60655737705,128000000,hCoV-19/Belgium/ULG-10398/2020|EPI_ISL_540565|2020-08-10|Europe
871,872,0.03910687962,673856.998465361,673777.635401016,673848.620442341,673777.776058148,0.5121241147186,0.4730172350986,2020.63243934427,2020.67154622389,128000000,NA
871,353,0.0588174863399999,673856.998465361,673777.635401016,673642.937889748,673850.648409514,0.5318347214386,0.4730172350986,2020.63243934427,2020.69125683061,128000000,SARS2-CoV/Belgium/Human/rega-0910935
872,874,0.000303120381299982,673848.620442341,673777.776058148,673848.660988597,673778.178969995,0.5124272350999,0.5121241147186,2020.67154622389,2020.67184934427,128000000,NA
872,873,0.000303120381299982,673848.620442341,673777.776058148,673848.660988597,673778.178969995,0.5124272350999,0.5121241147186,2020.67154622389,2020.67184934427,128000000,NA
873,354,0.0166752459,673848.660988597,673778.178969995,684188.430607892,671244.288551551,0.5291024809999,0.5124272350999,2020.67184934427,2020.68852459017,128000000,SARS2-CoV/Belgium/Human/rega-0909929
873,355,0.1450905464,673848.660988597,673778.178969995,621921.444599992,714082.55402802,0.6575177814999,0.5124272350999,2020.67184934427,2020.81693989067,128000000,hCoV-19/Belgium/ULG-10695/2020|EPI_ISL_636667|2020-10-26|Europe
874,875,0.02447373136,673848.660988597,673778.178969995,680681.00445513,675419.411509637,0.5369009664599,0.5124272350999,2020.67184934427,2020.69632307563,128000000,NA
874,358,0.0385331694,673848.660988597,673778.178969995,674772.824146161,655945.3387609,0.5509604044999,0.5124272350999,2020.67184934427,2020.71038251367,128000000,SARS2-CoV/Belgium/Human/rega-0917994
875,356,0.000398235857899998,680681.00445513,675419.411509637,680683.800847093,675423.037644401,0.5372992023178,0.5369009664599,2020.69632307563,2020.69672131149,128000000,SARS2-CoV/Belgium/Human/rega-0911937
875,357,0.01405943804,680681.00445513,675419.411509637,677949.504387619,673935.063506962,0.5509604044999,0.5369009664599,2020.69632307563,2020.71038251367,128000000,SARS2-CoV/Belgium/Human/rega-0917990
876,877,0.000688144192899975,647835.231961177,730789.315745033,647832.11237179,730789.577806024,0.3924772350985,0.3917890909056,2020.55121120007,2020.55189934427,128000000,NA
876,882,0.000436303824799977,647835.231961177,730789.315745033,647818.39023656,730792.77145393,0.3922253947304,0.3917890909056,2020.55121120007,2020.5516475039,128000000,NA
877,878,0.02393,647832.11237179,730789.577806024,691504.657715209,675892.480115429,0.4164072350985,0.3924772350985,2020.55189934427,2020.57582934427,128000000,NA
877,879,0.01620637752,647832.11237179,730789.577806024,637938.26339765,720415.609449171,0.4086836126185,0.3924772350985,2020.55189934427,2020.56810572179,128000000,NA
878,359,0.01160234973,691504.657715209,675892.480115429,715122.588980959,655834.542040567,0.4280095848285,0.4164072350985,2020.57582934427,2020.587431694,128000000,SARS2-CoV/Belgium/Human/rega-0803721
878,360,0.01433459016,691504.657715209,675892.480115429,691521.992836955,675891.560887004,0.4307418252585,0.4164072350985,2020.57582934427,2020.59016393443,128000000,SARS2-CoV/Belgium/Human/rega-0803741
879,880,0.009833622481,637938.26339765,720415.609449171,638051.741701063,720592.259344411,0.4185172350995,0.4086836126185,2020.56810572179,2020.57793934427,128000000,NA
879,361,0.000200289147699984,637938.26339765,720415.609449171,637936.648677528,720415.739332728,0.4088839017662,0.4086836126185,2020.56810572179,2020.56830601093,128000000,hCoV-19/Belgium/ULG-10317/2020|EPI_ISL_540484|2020-07-27|Europe
880,881,0.1343327572,638051.741701063,720592.259344411,644657.997804523,737831.390017712,0.5528499922995,0.4185172350995,2020.57793934427,2020.71227210147,128000000,NA
880,362,0.02042131148,638051.741701063,720592.259344411,649265.49514426,740925.354454824,0.4389385465795,0.4185172350995,2020.57793934427,2020.59836065575,128000000,hCoV-19/Belgium/ULG-10377/2020|EPI_ISL_540544|2020-08-07|Europe
881,364,0.09647106791,644657.997804523,737831.390017712,646021.805871924,739444.605750818,0.6493210602095,0.5528499922995,2020.71227210147,2020.80874316938,128000000,hCoV-19/Belgium/ULG-10533/2020|EPI_ISL_626325|2020-10-23|Europe
881,363,0.000842652606099947,644657.997804523,737831.390017712,644654.019405803,737831.888152064,0.5536926449056,0.5528499922995,2020.71227210147,2020.71311475407,128000000,hCoV-19/Belgium/ULG-10763/2020|EPI_ISL_641605|2020-09-18|Europe
882,365,0.01665850703,647818.39023656,730792.77145393,647496.464911198,742056.590234152,0.4088839017604,0.3922253947304,2020.5516475039,2020.56830601093,128000000,hCoV-19/Belgium/ULG-10311/2020|EPI_ISL_540478|2020-07-27|Europe
882,883,0.000251840368000023,647818.39023656,730792.77145393,647812.821967216,730791.25347298,0.3924772350984,0.3922253947304,2020.5516475039,2020.55189934427,128000000,NA
883,884,0.01928,647812.821967216,730791.25347298,712376.293829534,659980.183531079,0.4117572350984,0.3924772350984,2020.55189934427,2020.57117934427,128000000,NA
883,892,0.04057,647812.821967216,730791.25347298,647791.479037642,730806.054633469,0.4330472350984,0.3924772350984,2020.55189934427,2020.59246934427,128000000,NA
884,885,0.01576126258,712376.293829534,659980.183531079,709370.552592959,657051.888935236,0.4275184976784,0.4117572350984,2020.57117934427,2020.58694060685,128000000,NA
884,887,0.00609999999999999,712376.293829534,659980.183531079,712381.266561186,659979.443843839,0.4178572350984,0.4117572350984,2020.57117934427,2020.57727934427,128000000,NA
885,366,0.000491087145599978,709370.552592959,657051.888935236,709366.090114525,657048.892943058,0.428009584824,0.4275184976784,2020.58694060685,2020.58743169399,128000000,SARS2-CoV/Belgium/Human/rega-0803759
885,886,0.000488737418800012,709370.552592959,657051.888935236,709195.165353404,653660.069173639,0.4280072350972,0.4275184976784,2020.58694060685,2020.58742934427,128000000,NA
886,368,2.34972685297929e-06,709195.165353404,653660.069173639,718847.576766703,654727.306569793,0.428009584824053,0.4280072350972,2020.58742934427,2020.58743169399,128000000,SARS2-CoV/Belgium/Human/rega-0803723
886,367,2.34972685297929e-06,709195.165353404,653660.069173639,709195.099767702,653660.05584014,0.428009584824053,0.4280072350972,2020.58742934427,2020.58743169399,128000000,SARS2-CoV/Belgium/Human/rega-0803732
887,888,0.12953,712381.266561186,659979.443843839,660313.936238965,662677.785491029,0.5473872350984,0.4178572350984,2020.57727934427,2020.70680934427,128000000,NA
887,889,0.00189,712381.266561186,659979.443843839,647074.262067586,737021.817632411,0.4197472350984,0.4178572350984,2020.57727934427,2020.57916934427,128000000,NA
888,369,0.1675075956,660313.936238965,662677.785491029,646205.995540377,737500.609461559,0.7148948306984,0.5473872350984,2020.70680934427,2020.87431693987,128000000,hCoV-19/Belgium/ULG-10788/2020|EPI_ISL_661223|2020-11-16|Europe
888,370,0.000840928961799992,660313.936238965,662677.785491029,660315.59734377,662679.356290547,0.5482281640602,0.5473872350984,2020.70680934427,2020.70765027323,128000000,SARS2-CoV/Belgium/Human/rega-0916970
889,891,0.01099,647074.262067586,737021.817632411,712395.582971922,659983.249322621,0.4307372350984,0.4197472350984,2020.57916934427,2020.59015934427,128000000,NA
889,890,0.000240000000000018,647074.262067586,737021.817632411,647073.231933016,736977.192983479,0.4199872350984,0.4197472350984,2020.57916934427,2020.57940934427,128000000,NA
890,371,0.00529010928899998,647073.231933016,736977.192983479,709019.515306078,587735.970023925,0.4252773443874,0.4199872350984,2020.57940934427,2020.58469945356,128000000,SARS2-CoV/Belgium/Human/rega-0802775
890,372,0.00255786885199999,647073.231933016,736977.192983479,709328.904392067,658474.760848071,0.4225451039504,0.4199872350984,2020.57940934427,2020.58196721312,128000000,SARS2-CoV/Belgium/Human/rega-0801768
891,374,0.03825595628,712395.582971922,659983.249322621,643335.01420383,754687.058626264,0.4689931913784,0.4307372350984,2020.59015934427,2020.62841530055,128000000,hCoV-19/Belgium/ULG-10620/2020|EPI_ISL_626235|2020-08-18|Europe
891,373,4.59016397902356e-06,712395.582971922,659983.249322621,712395.795845479,659983.308836735,0.430741825262379,0.4307372350984,2020.59015934427,2020.59016393443,128000000,SARS2-CoV/Belgium/Human/rega-0804728
892,893,0.01621532636,647791.479037642,730806.054633469,647781.54362218,730802.234748046,0.4492625614584,0.4330472350984,2020.59246934427,2020.60868467063,128000000,NA
892,375,0.2818475956,647791.479037642,730806.054633469,631939.240524811,740753.311865282,0.7148948306984,0.4330472350984,2020.59246934427,2020.87431693987,128000000,hCoV-19/Belgium/ULG-10794/2020|EPI_ISL_661228|2020-11-16|Europe
893,899,0.000147015511899995,647781.54362218,730802.234748046,647774.520184889,730800.36129545,0.4494095769703,0.4492625614584,2020.60868467063,2020.60883168614,128000000,NA
893,894,0.00045467363770002,647781.54362218,730802.234748046,647781.259980316,730804.949622835,0.4497172350961,0.4492625614584,2020.60868467063,2020.60913934426,128000000,NA
894,896,0.19105,647781.259980316,730804.949622835,647727.666163101,730847.953255426,0.6407672350961,0.4497172350961,2020.60913934426,2020.80018934426,128000000,NA
894,895,0.04648111127,647781.259980316,730804.949622835,649182.759720815,695359.361838982,0.4961983463661,0.4497172350961,2020.60913934426,2020.65562045553,128000000,NA
895,376,0.000117249389499974,649182.759720815,695359.361838982,649180.027881509,695358.35468101,0.4963155957556,0.4961983463661,2020.65562045553,2020.65573770492,128000000,hCoV-19/Belgium/ULG-10455/2020|EPI_ISL_581629|2020-08-28|Europe
895,377,0.00831397070099998,649182.759720815,695359.361838982,654131.552107713,698998.294915178,0.5045123170671,0.4961983463661,2020.65562045553,2020.66393442624,128000000,hCoV-19/Belgium/ULG-10462/2020|EPI_ISL_581633|2020-08-31|Europe
896,378,0.01675054645,647727.666163101,730847.953255426,653726.039262383,739836.28636558,0.6575177815461,0.6407672350961,2020.80018934426,2020.81693989071,128000000,hCoV-19/Belgium/ULG-10646/2020|EPI_ISL_636624|2020-10-26|Europe
896,897,0.00514999999999999,647727.666163101,730847.953255426,644156.09988484,733181.999733703,0.6459172350961,0.6407672350961,2020.80018934426,2020.80533934426,128000000,NA
897,379,0.00340382513699999,644156.09988484,733181.999733703,644161.080596149,733181.749449803,0.6493210602331,0.6459172350961,2020.80533934426,2020.8087431694,128000000,hCoV-19/Belgium/ULG-10569/2020|EPI_ISL_626280|2020-10-23|Europe
897,898,0.00139,644156.09988484,733181.999733703,644223.316290044,733193.23690441,0.6473072350961,0.6459172350961,2020.80533934426,2020.80672934426,128000000,NA
898,381,0.07031983607,644223.316290044,733193.23690441,655179.746926746,739414.325669483,0.7176270711661,0.6473072350961,2020.80672934426,2020.87704918033,128000000,hCoV-19/Belgium/ULG-10806/2020|EPI_ISL_661233|2020-11-17|Europe
898,380,0.01021054645,644223.316290044,733193.23690441,642976.103408968,725048.327990787,0.6575177815461,0.6473072350961,2020.80672934426,2020.81693989071,128000000,hCoV-19/Belgium/ULG-10659/2020|EPI_ISL_636636|2020-10-26|Europe
899,900,0.02225765813,647774.520184889,730800.36129545,643450.517935977,736805.206583233,0.4716672351003,0.4494095769703,2020.60883168614,2020.63108934427,128000000,NA
899,1025,0.000307658125800025,647774.520184889,730800.36129545,647755.204876207,730808.275567978,0.4497172350961,0.4494095769703,2020.60883168614,2020.60913934426,128000000,NA
900,382,0.04377404372,643450.517935977,736805.206583233,632588.985098579,704835.597316132,0.5154412788203,0.4716672351003,2020.63108934427,2020.67486338799,128000000,hCoV-19/Belgium/ULG-10609/2020|EPI_ISL_626246|2020-09-04|Europe
900,901,0.00139,643450.517935977,736805.206583233,644223.316290044,733193.23690441,0.4730572351003,0.4716672351003,2020.63108934427,2020.63247934427,128000000,NA
901,912,0.03691847243,644223.316290044,733193.23690441,643369.644520764,736795.589614613,0.5099757075303,0.4730572351003,2020.63247934427,2020.6693978167,128000000,NA
901,902,0.00365808519999999,644223.316290044,733193.23690441,643382.045121813,736768.57579722,0.4767153203003,0.4730572351003,2020.63247934427,2020.63613742947,128000000,NA
902,903,0.0233119148,643382.045121813,736768.57579722,648365.374865023,706912.599652509,0.5000272351003,0.4767153203003,2020.63613742947,2020.65944934427,128000000,NA
902,383,0.0004745923958,643382.045121813,736768.57579722,650971.806130505,745961.415146144,0.4771899126961,0.4767153203003,2020.63613742947,2020.63661202186,128000000,hCoV-19/Belgium/ULG-10407/2020|EPI_ISL_540574|2020-08-21|Europe
903,904,0.1430123696,648365.374865023,706912.599652509,649752.48285771,701584.788494167,0.6430396047003,0.5000272351003,2020.65944934427,2020.80246171387,128000000,NA
903,908,0.00224000000000002,648365.374865023,706912.599652509,627895.065393842,693254.016511374,0.5022672351003,0.5000272351003,2020.65944934427,2020.66168934427,128000000,NA
904,905,0.00267665485799995,649752.48285771,701584.788494167,647111.935742557,739909.757157052,0.6457162595583,0.6430396047003,2020.80246171387,2020.80513836873,128000000,NA
904,907,0.000657630380500041,649752.48285771,701584.788494167,649741.192393018,701587.186566719,0.6436972350808,0.6430396047003,2020.80246171387,2020.80311934425,128000000,NA
905,906,0.000870975522599959,647111.935742557,739909.757157052,630782.753657092,694781.358717389,0.6465872350809,0.6457162595583,2020.80513836873,2020.80600934425,128000000,NA
905,384,0.00360480065900004,647111.935742557,739909.757157052,647115.064764228,739919.792198806,0.6493210602173,0.6457162595583,2020.80513836873,2020.80874316939,128000000,hCoV-19/Belgium/ULG-10540/2020|EPI_ISL_626286|2020-10-23|Europe
906,386,0.01093054645,630782.753657092,694781.358717389,630783.929354748,694772.827457582,0.6575177815309,0.6465872350809,2020.80600934425,2020.8169398907,128000000,hCoV-19/Belgium/ULG-10692/2020|EPI_ISL_636664|2020-10-26|Europe
906,385,0.01093054645,630782.753657092,694781.358717389,644552.652526288,728284.013269973,0.6575177815309,0.6465872350809,2020.80600934425,2020.8169398907,128000000,hCoV-19/Belgium/ULG-10645/2020|EPI_ISL_636623|2020-10-26|Europe
907,387,0.06300087432,649741.192393018,701587.186566719,649665.209083468,701614.722097229,0.7066981094008,0.6436972350808,2020.80311934425,2020.86612021857,128000000,hCoV-19/Belgium/ULG-10833/2020|EPI_ISL_661250|2020-11-13|Europe
907,388,0.06300087432,649741.192393018,701587.186566719,648723.861276249,700459.431018451,0.7066981094008,0.6436972350808,2020.80311934425,2020.86612021857,128000000,hCoV-19/Belgium/ULG-10825/2020|EPI_ISL_661246|2020-11-13|Europe
908,910,0.00166639607399999,627895.065393842,693254.016511374,660381.1700467,572087.320962166,0.5039336311743,0.5022672351003,2020.66168934427,2020.66335574034,128000000,NA
908,909,0.00220238065599998,627895.065393842,693254.016511374,627880.597804719,693260.518589537,0.5044696157563,0.5022672351003,2020.66168934427,2020.66389172492,128000000,NA
909,389,4.27013117899611e-05,627880.597804719,693260.518589537,627880.594718301,693259.717190317,0.50451231706809,0.5044696157563,2020.66389172492,2020.66393442624,128000000,hCoV-19/Belgium/ULG-10602/2020|EPI_ISL_626239|2020-08-31|Europe
909,390,4.27013117899611e-05,627880.597804719,693260.518589537,619205.489217174,715327.353980694,0.50451231706809,0.5044696157563,2020.66389172492,2020.66393442624,128000000,hCoV-19/Belgium/ULG-10463/2020|EPI_ISL_581634|2020-08-31|Europe
910,911,0.01420542776,660381.1700467,572087.320962166,646324.302959322,739358.416079738,0.5181390589343,0.5039336311743,2020.66335574034,2020.6775611681,128000000,NA
910,391,0.000578685892899999,660381.1700467,572087.320962166,660385.772866014,572086.220524724,0.5045123170672,0.5039336311743,2020.66335574034,2020.66393442624,128000000,hCoV-19/Belgium/ULG-10618/2020|EPI_ISL_626241|2020-08-31|Europe
911,392,0.02735686469,646324.302959322,739358.416079738,622780.743628145,727964.749738206,0.5454959236243,0.5181390589343,2020.6775611681,2020.70491803279,128000000,hCoV-19/Belgium/ULG-10728/2020|EPI_ISL_641570|2020-09-15|Europe
911,393,3.44603169699642e-05,646324.302959322,739358.416079738,646322.900647034,739357.434554871,0.51817351925127,0.5181390589343,2020.6775611681,2020.67759562842,128000000,hCoV-19/Belgium/ULG-10619/2020|EPI_ISL_626252|2020-09-05|Europe
912,913,0.01810078457,643369.644520764,736795.589614613,639093.614131601,726527.952251552,0.5280764921003,0.5099757075303,2020.6693978167,2020.68749860127,128000000,NA
912,986,0.000221527571899971,643369.644520764,736795.589614613,643364.840653465,736790.421021322,0.5101972351022,0.5099757075303,2020.6693978167,2020.66961934427,128000000,NA
913,914,0.00030594190300004,639093.614131601,726527.952251552,639096.598389199,726527.612837225,0.5283824340033,0.5280764921003,2020.68749860127,2020.68780454317,128000000,NA
913,934,7.11356545799458e-05,639093.614131601,726527.952251552,639093.282211484,726527.248622645,0.52814762775488,0.5280764921003,2020.68749860127,2020.68756973692,128000000,NA
914,915,0.000614801099000029,639096.598389199,726527.612837225,639099.888823646,744747.914563121,0.5289972351023,0.5283824340033,2020.68780454317,2020.68841934427,128000000,NA
914,921,0.000614801099000029,639096.598389199,726527.612837225,639099.888823646,744747.914563121,0.5289972351023,0.5283824340033,2020.68780454317,2020.68841934427,128000000,NA
915,394,0.1858975956,639099.888823646,744747.914563121,638358.825617657,747089.781869254,0.7148948307023,0.5289972351023,2020.68841934427,2020.87431693987,128000000,hCoV-19/Belgium/ULG-10791/2020|EPI_ISL_661226|2020-11-16|Europe
915,916,0.02757,639099.888823646,744747.914563121,639076.55154003,744731.86935472,0.5565672351023,0.5289972351023,2020.68841934427,2020.71598934427,128000000,NA
916,918,0.02650701774,639076.55154003,744731.86935472,644073.746652525,737847.838045551,0.5830742528423,0.5565672351023,2020.71598934427,2020.74249636201,128000000,NA
916,917,0.00202000000000002,639076.55154003,744731.86935472,627453.788693867,620458.815835071,0.5585872351023,0.5565672351023,2020.71598934427,2020.71800934427,128000000,NA
917,395,0.0907338251399999,627453.788693867,620458.815835071,632806.175524479,730023.237499028,0.6493210602423,0.5585872351023,2020.71800934427,2020.80874316941,128000000,hCoV-19/Belgium/ULG-10526/2020|EPI_ISL_626301|2020-10-23|Europe
917,396,0.000569890710300003,627453.788693867,620458.815835071,636950.61892193,717548.151990897,0.5591571258126,0.5585872351023,2020.71800934427,2020.71857923498,128000000,hCoV-19/Belgium/ULG-10758/2020|EPI_ISL_641600|2020-09-20|Europe
918,920,0.000342982262599989,644073.746652525,737847.838045551,644074.621410237,737846.630309429,0.5834172351049,0.5830742528423,2020.74249636201,2020.74283934427,128000000,NA
918,919,0.01652298226,644073.746652525,737847.838045551,643283.467544431,760447.971958168,0.5995972351023,0.5830742528423,2020.74249636201,2020.75901934427,128000000,NA
919,398,0.04972382514,643283.467544431,760447.971958168,642371.572794998,745515.406791732,0.6493210602423,0.5995972351023,2020.75901934427,2020.80874316941,128000000,hCoV-19/Belgium/ULG-10577/2020|EPI_ISL_626333|2020-10-23|Europe
919,397,0.05792054645,643283.467544431,760447.971958168,643286.16669887,760481.744420087,0.6575177815523,0.5995972351023,2020.75901934427,2020.81693989072,128000000,hCoV-19/Belgium/ULG-10711/2020|EPI_ISL_636682|2020-10-26|Europe
920,399,0.1314775956,644074.621410237,737846.630309429,622881.664455067,743472.324069747,0.7148948307049,0.5834172351049,2020.74283934427,2020.87431693987,128000000,hCoV-19/Belgium/ULG-10789/2020|EPI_ISL_661224|2020-11-16|Europe
920,400,0.07136830601,644074.621410237,737846.630309429,644044.531627323,737822.53450994,0.6547855411149,0.5834172351049,2020.74283934427,2020.81420765028,128000000,hCoV-19/Belgium/ULG-10637/2020|EPI_ISL_636615|2020-10-25|Europe
921,922,0.04475548578,639099.888823646,744747.914563121,639102.382012698,726535.772977372,0.5737527208823,0.5289972351023,2020.68841934427,2020.73317483005,128000000,NA
921,927,0.07063537573,639099.888823646,744747.914563121,639317.587846163,726707.750396279,0.5996326108323,0.5289972351023,2020.68841934427,2020.75905472,128000000,NA
922,926,0.000574514216299948,639102.382012698,726535.772977372,639101.186200352,726534.558929368,0.5743272350986,0.5737527208823,2020.73317483005,2020.73374934427,128000000,NA
922,923,0.0449089678,639102.382012698,726535.772977372,635416.422187253,706218.079720435,0.6186616886823,0.5737527208823,2020.73317483005,2020.77808379785,128000000,NA
923,925,0.00039554641390005,635416.422187253,706218.079720435,635411.881893308,706217.072246625,0.6190572350962,0.6186616886823,2020.77808379785,2020.77847934426,128000000,NA
923,924,0.0286455464100001,635416.422187253,706218.079720435,635379.83273605,706102.841936413,0.6473072350923,0.6186616886823,2020.77808379785,2020.80672934426,128000000,NA
924,401,0.02387174863,635379.83273605,706102.841936413,638480.524248904,707034.221900588,0.6711789837223,0.6473072350923,2020.80672934426,2020.83060109289,128000000,hCoV-19/Belgium/ULG-10778/2020|EPI_ISL_644624|2020-10-31|Europe
924,402,0.01021054645,635379.83273605,706102.841936413,635390.22776141,706107.774551313,0.6575177815423,0.6473072350923,2020.80672934426,2020.81693989071,128000000,hCoV-19/Belgium/ULG-10671/2020|EPI_ISL_636646|2020-10-26|Europe
925,404,0.08764087432,635411.881893308,706217.072246625,635143.07589287,707511.587183871,0.7066981094162,0.6190572350962,2020.77847934426,2020.86612021858,128000000,hCoV-19/Belgium/ULG-10824/2020|EPI_ISL_661217|2020-11-13|Europe
925,403,0.03846054645,635411.881893308,706217.072246625,632921.958493936,720819.347707698,0.6575177815462,0.6190572350962,2020.77847934426,2020.81693989071,128000000,hCoV-19/Belgium/ULG-10710/2020|EPI_ISL_636681|2020-10-26|Europe
926,405,0.08319054645,639101.186200352,726534.558929368,638792.901309034,730092.845754483,0.6575177815486,0.5743272350986,2020.73374934427,2020.81693989072,128000000,hCoV-19/Belgium/ULG-10648/2020|EPI_ISL_636626|2020-10-26|Europe
926,406,0.08319054645,639101.186200352,726534.558929368,649276.242694625,743261.176264225,0.6575177815486,0.5743272350986,2020.73374934427,2020.81693989072,128000000,hCoV-19/Belgium/ULG-10633/2020|EPI_ISL_636612|2020-10-26|Europe
927,929,0.000314624266700037,639317.587846163,726707.750396279,639313.227196575,726702.483169754,0.599947235099,0.5996326108323,2020.75905472,2020.75936934427,128000000,NA
927,928,0.000314624266700037,639317.587846163,726707.750396279,639313.227196575,726702.483169754,0.599947235099,0.5996326108323,2020.75905472,2020.75936934427,128000000,NA
928,407,0.07123174863,639313.227196575,726702.483169754,634266.699891488,702869.990022214,0.671178983729,0.599947235099,2020.75936934427,2020.8306010929,128000000,hCoV-19/Belgium/ULG-10770/2020|EPI_ISL_644616|2020-10-31|Europe
928,408,0.04937382514,639313.227196575,726702.483169754,645567.628218442,723310.065354329,0.649321060239,0.599947235099,2020.75936934427,2020.80874316941,128000000,hCoV-19/Belgium/ULG-10685/2020|EPI_ISL_636657|2020-10-23|Europe
929,930,0.04573757993,639313.227196575,726702.483169754,639330.008785035,726704.243380786,0.645684815029,0.599947235099,2020.75936934427,2020.8051069242,128000000,NA
929,409,0.05757054645,639313.227196575,726702.483169754,627933.392246574,739976.703785752,0.657517781549,0.599947235099,2020.75936934427,2020.81693989072,128000000,hCoV-19/Belgium/ULG-10653/2020|EPI_ISL_636630|2020-10-26|Europe
930,410,0.02549416871,639330.008785035,726704.243380786,646263.027285576,726407.731076516,0.671178983739,0.645684815029,2020.8051069242,2020.83060109291,128000000,hCoV-19/Belgium/ULG-10773/2020|EPI_ISL_644619|2020-10-31|Europe
930,931,0.000467085562099956,639330.008785035,726704.243380786,639329.251751104,726702.370520359,0.6461519005911,0.645684815029,2020.8051069242,2020.80557400976,128000000,NA
931,411,0.06874293014,639329.251751104,726702.370520359,619820.331106984,742883.763808365,0.7148948307311,0.6461519005911,2020.80557400976,2020.8743169399,128000000,hCoV-19/Belgium/ULG-10787/2020|EPI_ISL_661222|2020-11-16|Europe
931,932,0.000456475691700042,639329.251751104,726702.370520359,639328.89671061,726704.166780452,0.6466083762828,0.6461519005911,2020.80557400976,2020.80603048545,128000000,NA
932,412,0.0109094052699999,639328.89671061,726704.166780452,636656.229506998,729692.783122995,0.6575177815528,0.6466083762828,2020.80603048545,2020.81693989072,128000000,hCoV-19/Belgium/ULG-10689/2020|EPI_ISL_636661|2020-10-26|Europe
932,933,0.000168858817899964,639328.89671061,726704.166780452,639327.447237432,726703.182286954,0.6467772351007,0.6466083762828,2020.80603048545,2020.80619934427,128000000,NA
933,413,0.01074054645,639327.447237432,726703.182286954,634189.498701102,705023.197922162,0.6575177815507,0.6467772351007,2020.80619934427,2020.81693989072,128000000,hCoV-19/Belgium/ULG-10700/2020|EPI_ISL_636672|2020-10-26|Europe
933,414,0.0708498360700001,639327.447237432,726703.182286954,653914.641702475,730409.621280975,0.7176270711707,0.6467772351007,2020.80619934427,2020.87704918034,128000000,hCoV-19/Belgium/ULG-10817/2020|EPI_ISL_661241|2020-11-17|Europe
934,983,0.000140808800500047,639093.282211484,726527.248622645,639091.505704344,726527.870640597,0.52828843655538,0.52814762775488,2020.68756973692,2020.68771054572,128000000,NA
934,935,0.000849607347400028,639093.282211484,726527.248622645,639097.102973834,726528.825484695,0.52899723510228,0.52814762775488,2020.68756973692,2020.68841934427,128000000,NA
935,936,0.01860549549,639097.102973834,726528.825484695,639194.395407009,726502.634430612,0.54760273059228,0.52899723510228,2020.68841934427,2020.70702483976,128000000,NA
935,943,0.00227999999999995,639097.102973834,726528.825484695,643016.365105064,730768.80325032,0.53127723510228,0.52899723510228,2020.68841934427,2020.69069934427,128000000,NA
936,937,0.00830352919400001,639194.395407009,726502.634430612,639181.675481969,726480.996507317,0.55590625978628,0.54760273059228,2020.70702483976,2020.71532836895,128000000,NA
936,941,1.45045101499486e-05,639194.395407009,726502.634430612,639194.257560843,726502.235878001,0.54761723510243,0.54760273059228,2020.70702483976,2020.70703934427,128000000,NA
937,415,0.000518625588900035,639181.675481969,726480.996507317,652682.935578884,738318.41628676,0.55642488537518,0.55590625978628,2020.71532836895,2020.71584699454,128000000,hCoV-19/Belgium/ULG-10745/2020|EPI_ISL_641587|2020-09-19|Europe
937,938,0.00647097531600005,639181.675481969,726480.996507317,639186.854597822,726468.347504525,0.56237723510228,0.55590625978628,2020.71532836895,2020.72179934427,128000000,NA
938,939,0.00175000000000003,639186.854597822,726468.347504525,632919.552821098,708628.055745388,0.56412723510228,0.56237723510228,2020.72179934427,2020.72354934427,128000000,NA
938,940,0.03722,639186.854597822,726468.347504525,639194.310874976,726455.438162032,0.59959723510228,0.56237723510228,2020.72179934427,2020.75901934427,128000000,NA
939,417,0.00322661202200003,632919.552821098,708628.055745388,637369.837565445,716927.797119746,0.56735384712428,0.56412723510228,2020.72354934427,2020.72677595629,128000000,hCoV-19/Belgium/ULG-10483/2020|EPI_ISL_581648|2020-09-23|Europe
939,416,0.000494371584800035,632919.552821098,708628.055745388,632924.821441837,708632.862767403,0.56462160668708,0.56412723510228,2020.72354934427,2020.72404371586,128000000,hCoV-19/Belgium/ULG-10472/2020|EPI_ISL_581578|2020-09-22|Europe
940,419,0.04972382514,639194.310874976,726455.438162032,639194.999174319,726391.948075732,0.64932106024228,0.59959723510228,2020.75901934427,2020.80874316941,128000000,hCoV-19/Belgium/ULG-10593/2020|EPI_ISL_626270|2020-10-23|Europe
940,418,0.04972382514,639194.310874976,726455.438162032,648283.920283594,741445.692003608,0.64932106024228,0.59959723510228,2020.75901934427,2020.80874316941,128000000,hCoV-19/Belgium/ULG-10598/2020|EPI_ISL_626296|2020-10-23|Europe
941,942,0.01966202256,639194.257560843,726502.235878001,639055.082949695,718176.071952501,0.56727925766243,0.54761723510243,2020.70703934427,2020.72670136683,128000000,NA
941,420,0.1099005464,639194.257560843,726502.235878001,644704.560984135,732628.147839684,0.65751778150243,0.54761723510243,2020.70703934427,2020.81693989067,128000000,hCoV-19/Belgium/ULG-10691/2020|EPI_ISL_636663|2020-10-26|Europe
942,421,7.45894573800365e-05,639055.082949695,718176.071952501,639074.810001633,718207.678712639,0.56735384711981,0.56727925766243,2020.72670136683,2020.72677595629,128000000,hCoV-19/Belgium/ULG-10491/2020|EPI_ISL_581582|2020-09-23|Europe
942,422,7.45894573800365e-05,639055.082949695,718176.071952501,640378.111933629,717502.780105455,0.56735384711981,0.56727925766243,2020.72670136683,2020.72677595629,128000000,hCoV-19/Belgium/ULG-10489/2020|EPI_ISL_581652|2020-09-23|Europe
943,944,0.00327,643016.365105064,730768.80325032,643009.784650163,730755.390756981,0.53454723510228,0.53127723510228,2020.69069934427,2020.69396934427,128000000,NA
943,423,0.1262405464,643016.365105064,730768.80325032,652406.102805564,759900.891482833,0.65751778150228,0.53127723510228,2020.69069934427,2020.81693989067,128000000,hCoV-19/Belgium/ULG-10663/2020|EPI_ISL_636640|2020-10-26|Europe
944,945,0.00258999999999998,643009.784650163,730755.390756981,642976.522002646,730745.776072749,0.53713723510228,0.53454723510228,2020.69396934427,2020.69655934427,128000000,NA
944,424,0.1830798361,643009.784650163,730755.390756981,625761.72499279,732794.605668947,0.71762707120228,0.53454723510228,2020.69396934427,2020.87704918037,128000000,hCoV-19/Belgium/ULG-10814/2020|EPI_ISL_661239|2020-11-17|Europe
945,953,0.00255000000000005,642976.522002646,730745.776072749,642976.673843489,730749.082731545,0.53968723510228,0.53713723510228,2020.69655934427,2020.69910934427,128000000,NA
945,946,0.08722,642976.522002646,730745.776072749,651489.213042278,737388.685990103,0.62435723510228,0.53713723510228,2020.69655934427,2020.78377934427,128000000,NA
946,425,0.02496382514,651489.213042278,737388.685990103,603165.009642043,750417.991735211,0.64932106024228,0.62435723510228,2020.78377934427,2020.80874316941,128000000,hCoV-19/Belgium/ULG-10556/2020|EPI_ISL_626273|2020-10-23|Europe
946,947,0.0208,651489.213042278,737388.685990103,651470.808490034,737409.652177682,0.64515723510228,0.62435723510228,2020.78377934427,2020.80457934427,128000000,NA
947,950,0.000680000000000014,651470.808490034,737409.652177682,651469.901776347,737406.99289586,0.64583723510228,0.64515723510228,2020.80457934427,2020.80525934427,128000000,NA
947,948,0.000689999999999968,651470.808490034,737409.652177682,637827.558734879,722812.909270609,0.64584723510228,0.64515723510228,2020.80457934427,2020.80526934427,128000000,NA
948,426,0.00347382513700001,637827.558734879,722812.909270609,620032.571257989,727446.645443182,0.64932106023928,0.64584723510228,2020.80526934427,2020.80874316941,128000000,hCoV-19/Belgium/ULG-10573/2020|EPI_ISL_626274|2020-10-23|Europe
948,949,7.00000000000145e-05,637827.558734879,722812.909270609,637826.634723576,722812.849565582,0.64591723510228,0.64584723510228,2020.80526934427,2020.80533934427,128000000,NA
949,427,0.00340382513699999,637826.634723576,722812.849565582,637826.628011955,722818.552201655,0.64932106023928,0.64591723510228,2020.80533934427,2020.80874316941,128000000,hCoV-19/Belgium/ULG-10517/2020|EPI_ISL_626276|2020-10-23|Europe
949,428,0.00340382513699999,637826.634723576,722812.849565582,540953.480878152,750813.965531685,0.64932106023928,0.64591723510228,2020.80533934427,2020.80874316941,128000000,hCoV-19/Belgium/ULG-10553/2020|EPI_ISL_626277|2020-10-23|Europe
950,429,0.00348382513699996,651469.901776347,737406.99289586,654382.105228529,739247.505180896,0.64932106023928,0.64583723510228,2020.80525934427,2020.80874316941,128000000,hCoV-19/Belgium/ULG-10516/2020|EPI_ISL_626260|2020-10-23|Europe
950,951,7.00000000000145e-05,651469.901776347,737406.99289586,637826.634723576,722812.849565582,0.64590723510228,0.64583723510228,2020.80525934427,2020.80532934427,128000000,NA
951,952,9.99999999995449e-06,637826.634723576,722812.849565582,651468.548788409,737406.881945404,0.64591723510228,0.64590723510228,2020.80532934427,2020.80533934427,128000000,NA
951,430,0.00341382513699995,637826.634723576,722812.849565582,651467.254903894,737397.746907699,0.64932106023928,0.64590723510228,2020.80532934427,2020.80874316941,128000000,hCoV-19/Belgium/ULG-10508/2020|EPI_ISL_626259|2020-10-23|Europe
952,431,0.00340382513699999,651468.548788409,737406.881945404,633471.045585241,740160.377015449,0.64932106023928,0.64591723510228,2020.80533934427,2020.80874316941,128000000,hCoV-19/Belgium/ULG-10568/2020|EPI_ISL_626275|2020-10-23|Europe
952,432,0.00340382513699999,651468.548788409,737406.881945404,633095.032950229,746412.142224544,0.64932106023928,0.64591723510228,2020.80533934427,2020.80874316941,128000000,hCoV-19/Belgium/ULG-10554/2020|EPI_ISL_626272|2020-10-23|Europe
953,955,0.00243000000000004,642976.673843489,730749.082731545,642978.150453233,730748.408348382,0.54211723510228,0.53968723510228,2020.69910934427,2020.70153934427,128000000,NA
953,954,0.10644,642976.673843489,730749.082731545,643012.51697246,730763.586177993,0.64612723510228,0.53968723510228,2020.69910934427,2020.80554934427,128000000,NA
954,433,0.07149983607,643012.51697246,730763.586177993,643964.555524272,729936.304370143,0.71762707117228,0.64612723510228,2020.80554934427,2020.87704918034,128000000,hCoV-19/Belgium/ULG-10813/2020|EPI_ISL_661238|2020-11-17|Europe
954,434,0.06876759563,643012.51697246,730763.586177993,656615.98833469,722349.498239065,0.71489483073228,0.64612723510228,2020.80554934427,2020.8743169399,128000000,hCoV-19/Belgium/ULG-10783/2020|EPI_ISL_661219|2020-11-16|Europe
955,435,0.1072038251,642978.150453233,730748.408348382,654328.770958879,743986.452045759,0.64932106020228,0.54211723510228,2020.70153934427,2020.80874316937,128000000,hCoV-19/Belgium/ULG-10558/2020|EPI_ISL_626283|2020-10-23|Europe
955,956,0.00229000000000001,642978.150453233,730748.408348382,647776.791508111,737342.341138346,0.54440723510228,0.54211723510228,2020.70153934427,2020.70382934427,128000000,NA
956,957,0.002645003127,647776.791508111,737342.341138346,642243.103043299,734526.453160925,0.54705223822928,0.54440723510228,2020.70382934427,2020.7064743474,128000000,NA
956,962,0.00239,647776.791508111,737342.341138346,642973.842543554,730715.232376652,0.54679723510228,0.54440723510228,2020.70382934427,2020.70621934427,128000000,NA
957,959,0.00062311725340003,642243.103043299,734526.453160925,642239.028621673,734524.669889094,0.54767535548268,0.54705223822928,2020.7064743474,2020.70709746465,128000000,NA
957,958,0.00027499687260002,642243.103043299,734526.453160925,642237.848511958,734525.961981701,0.54732723510188,0.54705223822928,2020.7064743474,2020.70674934427,128000000,NA
958,436,0.1101905464,642237.848511958,734525.961981701,641908.509728853,731122.328724719,0.65751778150188,0.54732723510188,2020.70674934427,2020.81693989067,128000000,hCoV-19/Belgium/ULG-10707/2020|EPI_ISL_636679|2020-10-26|Europe
958,437,0.1019938251,642237.848511958,734525.961981701,651106.9339072,736337.245416931,0.64932106020188,0.54732723510188,2020.70674934427,2020.80874316937,128000000,hCoV-19/Belgium/ULG-10514/2020|EPI_ISL_626282|2020-10-23|Europe
959,960,0.07134187962,642239.028621673,734524.669889094,642793.580280532,739418.21274503,0.61901723510268,0.54767535548268,2020.70709746465,2020.77843934427,128000000,NA
959,961,5.187961916997e-05,642239.028621673,734524.669889094,642235.13352752,734525.629511794,0.54772723510185,0.54767535548268,2020.70709746465,2020.70714934427,128000000,NA
960,438,0.03030382514,642793.580280532,739418.21274503,648832.618602846,743949.334253762,0.64932106024268,0.61901723510268,2020.77843934427,2020.80874316941,128000000,hCoV-19/Belgium/ULG-10564/2020|EPI_ISL_626309|2020-10-23|Europe
960,439,0.03030382514,642793.580280532,739418.21274503,642776.490802824,739403.851261454,0.64932106024268,0.61901723510268,2020.77843934427,2020.80874316941,128000000,hCoV-19/Belgium/ULG-10566/2020|EPI_ISL_626308|2020-10-23|Europe
961,440,0.1097905464,642235.13352752,734525.629511794,634226.961284136,711564.013823679,0.65751778150185,0.54772723510185,2020.70714934427,2020.81693989067,128000000,hCoV-19/Belgium/ULG-10658/2020|EPI_ISL_636635|2020-10-26|Europe
961,441,0.1015938251,642235.13352752,734525.629511794,640700.799365867,740050.858036408,0.64932106020185,0.54772723510185,2020.70714934427,2020.80874316937,128000000,hCoV-19/Belgium/ULG-10537/2020|EPI_ISL_626291|2020-10-23|Europe
962,963,0.05198212623,642973.842543554,730715.232376652,645600.723948104,741251.76689811,0.59877936133228,0.54679723510228,2020.70621934427,2020.7582014705,128000000,NA
962,966,0.00233000000000005,642973.842543554,730715.232376652,642980.437274082,730705.358769586,0.54912723510228,0.54679723510228,2020.70621934427,2020.70854934427,128000000,NA
963,964,0.000747873771099972,645600.723948104,741251.76689811,645601.461841174,741253.936261576,0.59952723510338,0.59877936133228,2020.7582014705,2020.75894934427,128000000,NA
963,965,0.000807873771100032,645600.723948104,741251.76689811,645603.916037834,741247.20006678,0.59958723510338,0.59877936133228,2020.7582014705,2020.75900934427,128000000,NA
964,443,0.05799054645,645601.461841174,741253.936261576,626773.656583968,714852.157947068,0.65751778155338,0.59952723510338,2020.75894934427,2020.81693989072,128000000,hCoV-19/Belgium/ULG-10665/2020|EPI_ISL_636641|2020-10-26|Europe
964,442,0.06072278689,645601.461841174,741253.936261576,645599.537525205,741258.181386831,0.66025002199338,0.59952723510338,2020.75894934427,2020.81967213116,128000000,hCoV-19/Belgium/ULG-10640/2020|EPI_ISL_636618|2020-10-27|Europe
965,444,0.05793054645,645603.916037834,741247.20006678,646132.62805022,743786.223037399,0.65751778155338,0.59958723510338,2020.75900934427,2020.81693989072,128000000,hCoV-19/Belgium/ULG-10626/2020|EPI_ISL_636605|2020-10-26|Europe
965,445,0.05793054645,645603.916037834,741247.20006678,647775.078006789,735602.575597101,0.65751778155338,0.59958723510338,2020.75900934427,2020.81693989072,128000000,hCoV-19/Belgium/ULG-10688/2020|EPI_ISL_636660|2020-10-26|Europe
966,969,0.00139170445100001,642980.437274082,730705.358769586,647843.581350996,734857.93073565,0.55051893955328,0.54912723510228,2020.70854934427,2020.70994104872,128000000,NA
966,967,7.00000000000145e-05,642980.437274082,730705.358769586,637826.634723576,722812.849565582,0.54919723510228,0.54912723510228,2020.70854934427,2020.70861934427,128000000,NA
967,968,0.0970300000000001,637826.634723576,722812.849565582,628930.013271231,725365.6340941,0.64622723510228,0.54919723510228,2020.70861934427,2020.80564934427,128000000,NA
967,446,0.1083205464,637826.634723576,722812.849565582,642637.247222143,725463.769790282,0.65751778150228,0.54919723510228,2020.70861934427,2020.81693989067,128000000,hCoV-19/Belgium/ULG-10696/2020|EPI_ISL_636668|2020-10-26|Europe
968,448,0.00309382513699996,628930.013271231,725365.6340941,628927.91607259,725369.00278679,0.64932106023928,0.64622723510228,2020.80564934427,2020.80874316941,128000000,hCoV-19/Belgium/ULG-10529/2020|EPI_ISL_626300|2020-10-23|Europe
968,447,0.02495174863,628930.013271231,725365.6340941,646470.890637994,740898.650907324,0.67117898373228,0.64622723510228,2020.80564934427,2020.8306010929,128000000,hCoV-19/Belgium/ULG-10767/2020|EPI_ISL_644613|2020-10-31|Europe
969,970,0.000938295549499979,647843.581350996,734857.93073565,647867.960891671,734879.669840278,0.55145723510278,0.55051893955328,2020.70994104872,2020.71087934427,128000000,NA
969,449,0.1206600442,647843.581350996,734857.93073565,636526.575891308,717017.417413606,0.67117898375328,0.55051893955328,2020.70994104872,2020.83060109292,128000000,hCoV-19/Belgium/ULG-10779/2020|EPI_ISL_644625|2020-10-31|Europe
970,971,0.00312999999999997,647867.960891671,734879.669840278,647869.407740608,734882.983510482,0.55458723510278,0.55145723510278,2020.71087934427,2020.71400934427,128000000,NA
970,450,0.00223540983600001,647867.960891671,734879.669840278,635599.175271236,724158.143009722,0.55369264493878,0.55145723510278,2020.71087934427,2020.71311475411,128000000,hCoV-19/Belgium/ULG-10731/2020|EPI_ISL_641573|2020-09-18|Europe
971,972,0.00396722941500005,647869.407740608,734882.983510482,647919.309459842,734901.868195366,0.55855446451778,0.55458723510278,2020.71400934427,2020.71797657369,128000000,NA
971,975,0.00780000000000003,647869.407740608,734882.983510482,647747.595977453,734852.45395965,0.56238723510278,0.55458723510278,2020.71400934427,2020.72180934427,128000000,NA
972,451,0.000602661294999973,647919.309459842,734901.868195366,643247.025649956,718999.6413873,0.55915712581278,0.55855446451778,2020.71797657369,2020.71857923498,128000000,hCoV-19/Belgium/ULG-10760/2020|EPI_ISL_641602|2020-09-20|Europe
972,973,0.00322277058499998,647919.309459842,734901.868195366,647912.09305027,734898.452407246,0.56177723510278,0.55855446451778,2020.71797657369,2020.72119934427,128000000,NA
973,452,0.00284437158499995,647912.09305027,734898.452407246,647884.345124222,734892.992330132,0.56462160668778,0.56177723510278,2020.72119934427,2020.72404371586,128000000,hCoV-19/Belgium/ULG-10474/2020|EPI_ISL_581643|2020-09-22|Europe
973,974,0.0850299999999999,647912.09305027,734898.452407246,632671.966130323,747231.381130134,0.64680723510278,0.56177723510278,2020.72119934427,2020.80622934427,128000000,NA
974,454,0.06808759563,632671.966130323,747231.381130134,624105.022870635,744336.360317447,0.71489483073278,0.64680723510278,2020.80622934427,2020.8743169399,128000000,hCoV-19/Belgium/ULG-10781/2020|EPI_ISL_661218|2020-11-16|Europe
974,453,0.06808759563,632671.966130323,747231.381130134,632563.8145114,746988.782046119,0.71489483073278,0.64680723510278,2020.80622934427,2020.8743169399,128000000,hCoV-19/Belgium/ULG-10790/2020|EPI_ISL_661225|2020-11-16|Europe
975,976,0.00175000000000003,647747.595977453,734852.45395965,632919.552821098,708628.055745388,0.56413723510278,0.56238723510278,2020.72180934427,2020.72355934427,128000000,NA
975,977,0.00341000000000002,647747.595977453,734852.45395965,647750.942227997,734910.584046614,0.56579723510278,0.56238723510278,2020.72180934427,2020.72521934427,128000000,NA
976,456,0.00321661202199996,632919.552821098,708628.055745388,630364.675163505,735290.602152792,0.56735384712478,0.56413723510278,2020.72355934427,2020.72677595629,128000000,hCoV-19/Belgium/ULG-10476/2020|EPI_ISL_581645|2020-09-23|Europe
976,455,0.00048437158479997,632919.552821098,708628.055745388,648450.874727521,739291.177942285,0.56462160668758,0.56413723510278,2020.72355934427,2020.72404371586,128000000,hCoV-19/Belgium/ULG-10475/2020|EPI_ISL_581644|2020-09-22|Europe
977,457,0.00155661202199997,647750.942227997,734910.584046614,637815.134685799,727982.276679012,0.56735384712478,0.56579723510278,2020.72521934427,2020.72677595629,128000000,hCoV-19/Belgium/ULG-10497/2020|EPI_ISL_581659|2020-09-23|Europe
977,978,0.00624999999999998,647750.942227997,734910.584046614,647753.910457101,734916.068865448,0.57204723510278,0.56579723510278,2020.72521934427,2020.73146934427,128000000,NA
978,458,0.000771092896100001,647753.910457101,734916.068865448,656501.548645067,737997.403264796,0.57281832799888,0.57204723510278,2020.73146934427,2020.73224043717,128000000,hCoV-19/Belgium/ULG-10504/2020|EPI_ISL_581666|2020-09-25|Europe
978,979,0.06879,647753.910457101,734916.068865448,647308.590727001,734503.188392736,0.64083723510278,0.57204723510278,2020.73146934427,2020.80025934427,128000000,NA
979,459,0.03580622951,647308.590727001,734503.188392736,647310.87845878,734482.757185215,0.67664346461278,0.64083723510278,2020.80025934427,2020.83606557378,128000000,hCoV-19/Belgium/ULG-10769/2020|EPI_ISL_644615|2020-11-02|Europe
979,980,0.00209999999999999,647308.590727001,734503.188392736,647305.060466847,734510.098537895,0.64293723510278,0.64083723510278,2020.80025934427,2020.80235934427,128000000,NA
980,460,0.00638382513699998,647305.060466847,734510.098537895,645133.413520535,753594.997287943,0.64932106023978,0.64293723510278,2020.80235934427,2020.80874316941,128000000,hCoV-19/Belgium/ULG-10539/2020|EPI_ISL_626265|2020-10-23|Europe
980,981,0.00212999999999997,647305.060466847,734510.098537895,647051.293508189,735224.433732821,0.64506723510278,0.64293723510278,2020.80235934427,2020.80448934427,128000000,NA
981,982,0.00190000000000001,647051.293508189,735224.433732821,614536.841115922,602355.547003922,0.64696723510278,0.64506723510278,2020.80448934427,2020.80638934427,128000000,NA
981,461,0.00425382513700001,647051.293508189,735224.433732821,646306.041690707,735901.253397253,0.64932106023978,0.64506723510278,2020.80448934427,2020.80874316941,128000000,hCoV-19/Belgium/ULG-10530/2020|EPI_ISL_626322|2020-10-23|Europe
982,462,0.01055054645,614536.841115922,602355.547003922,650652.623019016,740497.031066885,0.65751778155278,0.64696723510278,2020.80638934427,2020.81693989072,128000000,hCoV-19/Belgium/ULG-10630/2020|EPI_ISL_636609|2020-10-26|Europe
982,463,0.002353825137,614536.841115922,602355.547003922,643520.260036874,734660.950699651,0.64932106023978,0.64696723510278,2020.80638934427,2020.80874316941,128000000,hCoV-19/Belgium/ULG-10582/2020|EPI_ISL_626264|2020-10-23|Europe
983,984,0.00070879854689998,639091.505704344,726527.870640597,639111.837891861,726510.192917366,0.52899723510228,0.52828843655538,2020.68771054572,2020.68841934427,128000000,NA
983,985,0.00070879854689998,639091.505704344,726527.870640597,639111.837891861,726510.192917366,0.52899723510228,0.52828843655538,2020.68771054572,2020.68841934427,128000000,NA
984,465,0.1886298361,639111.837891861,726510.192917366,633437.819651099,710494.632186325,0.71762707120228,0.52899723510228,2020.68841934427,2020.87704918037,128000000,hCoV-19/Belgium/ULG-10812/2020|EPI_ISL_661237|2020-11-17|Europe
984,464,0.1203238251,639111.837891861,726510.192917366,645462.915416986,740332.644525773,0.64932106020228,0.52899723510228,2020.68841934427,2020.80874316937,128000000,hCoV-19/Belgium/ULG-10589/2020|EPI_ISL_626295|2020-10-23|Europe
985,466,0.03015989071,639111.837891861,726510.192917366,637062.648471253,718750.543465978,0.55915712581228,0.52899723510228,2020.68841934427,2020.71857923498,128000000,hCoV-19/Belgium/ULG-10759/2020|EPI_ISL_641601|2020-09-20|Europe
985,467,0.1886298361,639111.837891861,726510.192917366,644471.097416747,739087.137585266,0.71762707120228,0.52899723510228,2020.68841934427,2020.87704918037,128000000,hCoV-19/Belgium/ULG-10816/2020|EPI_ISL_661240|2020-11-17|Europe
986,987,0.02403,643364.840653465,736790.421021322,643375.686585408,736828.772551332,0.5342272351022,0.5101972351022,2020.66961934427,2020.69364934427,128000000,NA
986,992,0.02346584838,643364.840653465,736790.421021322,643355.222262834,736775.853775853,0.5336630834822,0.5101972351022,2020.66961934427,2020.69308519265,128000000,NA
987,988,0.0361900000000001,643375.686585408,736828.772551332,644698.445571019,730760.463438749,0.5704172351022,0.5342272351022,2020.69364934427,2020.72983934427,128000000,NA
987,468,0.1150938251,643375.686585408,736828.772551332,647099.481781359,738901.209880813,0.6493210602022,0.5342272351022,2020.69364934427,2020.80874316937,128000000,hCoV-19/Belgium/ULG-10587/2020|EPI_ISL_626302|2020-10-23|Europe
988,469,0.08710054645,644698.445571019,730760.463438749,640742.10387799,747536.174581378,0.6575177815522,0.5704172351022,2020.72983934427,2020.81693989072,128000000,hCoV-19/Belgium/ULG-10635/2020|EPI_ISL_636613|2020-10-26|Europe
988,989,0.0539499999999999,644698.445571019,730760.463438749,644697.451289797,730771.598956998,0.6243672351022,0.5704172351022,2020.72983934427,2020.78378934427,128000000,NA
989,990,0.02289,644697.451289797,730771.598956998,644703.204545005,730783.027723945,0.6472572351022,0.6243672351022,2020.78378934427,2020.80667934427,128000000,NA
989,470,0.02495382514,644697.451289797,730771.598956998,653102.048752367,714896.109873203,0.6493210602422,0.6243672351022,2020.78378934427,2020.80874316941,128000000,hCoV-19/Belgium/ULG-10527/2020|EPI_ISL_626321|2020-10-23|Europe
990,471,0.06763759563,644703.204545005,730783.027723945,644751.595461006,730838.808357392,0.7148948307322,0.6472572351022,2020.80667934427,2020.8743169399,128000000,hCoV-19/Belgium/ULG-10784/2020|EPI_ISL_661220|2020-11-16|Europe
990,991,0.00051000000000001,644703.204545005,730783.027723945,644702.024250707,730780.918887824,0.6477672351022,0.6472572351022,2020.80667934427,2020.80718934427,128000000,NA
991,472,0.06985983607,644702.024250707,730780.918887824,645648.535315117,729239.967255714,0.7176270711722,0.6477672351022,2020.80718934427,2020.87704918034,128000000,hCoV-19/Belgium/ULG-10807/2020|EPI_ISL_661234|2020-11-17|Europe
991,473,0.0725920765,644702.024250707,730780.918887824,655280.604017645,747762.826530495,0.7203593116022,0.6477672351022,2020.80718934427,2020.87978142077,128000000,hCoV-19/Belgium/ULG-10819/2020|EPI_ISL_661242|2020-11-18|Europe
992,993,0.000904151622600047,643355.222262834,736775.853775853,643359.91350796,736783.069059386,0.5345672351048,0.5336630834822,2020.69308519265,2020.69398934427,128000000,NA
992,994,0.000904151622600047,643355.222262834,736775.853775853,643359.91350796,736783.069059386,0.5345672351048,0.5336630834822,2020.69308519265,2020.69398934427,128000000,NA
993,474,0.03278661202,643359.91350796,736783.069059386,649157.618791044,736986.449397286,0.5673538471248,0.5345672351048,2020.69398934427,2020.72677595629,128000000,hCoV-19/Belgium/ULG-10500/2020|EPI_ISL_581662|2020-09-23|Europe
993,475,0.1830598361,643359.91350796,736783.069059386,622174.879377481,624951.055480502,0.7176270712048,0.5345672351048,2020.69398934427,2020.87704918037,128000000,hCoV-19/Belgium/ULG-10808/2020|EPI_ISL_661235|2020-11-17|Europe
994,995,0.0188293267,643359.91350796,736783.069059386,645528.692918642,740155.903908929,0.5533965618048,0.5345672351048,2020.69398934427,2020.71281867097,128000000,NA
994,997,0.00573000000000001,643359.91350796,736783.069059386,643240.398460439,736684.085391222,0.5402972351048,0.5345672351048,2020.69398934427,2020.69971934427,128000000,NA
995,996,0.000310673300999986,645528.692918642,740155.903908929,645532.221963104,740155.988022397,0.5537072351058,0.5533965618048,2020.71281867097,2020.71312934427,128000000,NA
995,476,0.000296083137000025,645528.692918642,740155.903908929,650081.635239661,739819.672776408,0.5536926449418,0.5533965618048,2020.71281867097,2020.71311475411,128000000,hCoV-19/Belgium/ULG-10739/2020|EPI_ISL_641581|2020-09-18|Europe
996,478,0.1639198361,645532.221963104,740155.988022397,645428.80958107,740103.702999541,0.7176270712058,0.5537072351058,2020.71312934427,2020.87704918037,128000000,hCoV-19/Belgium/ULG-10801/2020|EPI_ISL_661231|2020-11-17|Europe
996,477,0.1038105464,645532.221963104,740155.988022397,633643.88181472,727138.470262287,0.6575177815058,0.5537072351058,2020.71312934427,2020.81693989067,128000000,hCoV-19/Belgium/ULG-10699/2020|EPI_ISL_636671|2020-10-26|Europe
997,479,0.00246644808800001,643240.398460439,736684.085391222,631150.526272482,720138.712834971,0.5427636831928,0.5402972351048,2020.69971934427,2020.70218579236,128000000,hCoV-19/Belgium/ULG-10720/2020|EPI_ISL_641562|2020-09-14|Europe
997,998,0.00217000000000001,643240.398460439,736684.085391222,643248.165597952,736695.869142113,0.5424672351048,0.5402972351048,2020.69971934427,2020.70188934427,128000000,NA
998,999,0.00238000000000005,643248.165597952,736695.869142113,639457.081192567,737212.42220537,0.5448472351048,0.5424672351048,2020.70188934427,2020.70426934427,128000000,NA
998,480,0.000296448087499956,643248.165597952,736695.869142113,643244.009401318,736693.566408168,0.5427636831923,0.5424672351048,2020.70188934427,2020.70218579236,128000000,hCoV-19/Belgium/ULG-10719/2020|EPI_ISL_641561|2020-09-14|Europe
999,1001,0.00241999999999998,639457.081192567,737212.42220537,639405.332905391,737172.751673604,0.5472672351048,0.5448472351048,2020.70426934427,2020.70668934427,128000000,NA
999,1000,0.10109,639457.081192567,737212.42220537,636683.189294175,735723.304198485,0.6459372351048,0.5448472351048,2020.70426934427,2020.80535934427,128000000,NA
1000,482,0.00338382513699997,636683.189294175,735723.304198485,629333.931916456,721999.506957197,0.6493210602418,0.6459372351048,2020.80535934427,2020.80874316941,128000000,hCoV-19/Belgium/ULG-10549/2020|EPI_ISL_626278|2020-10-23|Europe
1000,481,0.00338382513699997,636683.189294175,735723.304198485,636697.883657663,735728.655405151,0.6493210602418,0.6459372351048,2020.80535934427,2020.80874316941,128000000,hCoV-19/Belgium/ULG-10510/2020|EPI_ISL_626271|2020-10-23|Europe
1001,1002,0.03367505671,639405.332905391,737172.751673604,639433.57029594,737097.514876613,0.5809422918148,0.5472672351048,2020.70668934427,2020.74036440098,128000000,NA
1001,1008,0.001479543079,639405.332905391,737172.751673604,648642.937528383,746189.888424689,0.5487467781838,0.5472672351048,2020.70668934427,2020.70816888735,128000000,NA
1002,1004,1.49432873699507e-05,639433.57029594,737097.514876613,639430.955721398,737095.750106857,0.58095723510217,0.5809422918148,2020.74036440098,2020.74037934427,128000000,NA
1002,1003,1.49432873699507e-05,639433.57029594,737097.514876613,639430.955721398,737095.750106857,0.58095723510217,0.5809422918148,2020.74036440098,2020.74037934427,128000000,NA
1003,484,0.0683638251400001,639430.955721398,737095.750106857,653784.319388304,732122.173237318,0.64932106024217,0.58095723510217,2020.74037934427,2020.80874316941,128000000,hCoV-19/Belgium/ULG-10580/2020|EPI_ISL_626255|2020-10-23|Europe
1003,483,0.07656054645,639430.955721398,737095.750106857,625062.43113683,734256.091014646,0.65751778155217,0.58095723510217,2020.74037934427,2020.81693989072,128000000,hCoV-19/Belgium/ULG-10655/2020|EPI_ISL_636632|2020-10-26|Europe
1004,1006,0.04353,639430.955721398,737095.750106857,639428.380671908,737100.971931234,0.62448723510217,0.58095723510217,2020.74037934427,2020.78390934427,128000000,NA
1004,1005,0.06636,639430.955721398,737095.750106857,639511.961485856,723215.566949888,0.64731723510217,0.58095723510217,2020.74037934427,2020.80673934427,128000000,NA
1005,486,0.01020054645,639511.961485856,723215.566949888,639519.48310725,723223.069287501,0.65751778155217,0.64731723510217,2020.80673934427,2020.81693989072,128000000,hCoV-19/Belgium/ULG-10666/2020|EPI_ISL_636642|2020-10-26|Europe
1005,485,0.01020054645,639511.961485856,723215.566949888,638986.16858967,716210.194238665,0.65751778155217,0.64731723510217,2020.80673934427,2020.81693989072,128000000,hCoV-19/Belgium/ULG-10667/2020|EPI_ISL_636643|2020-10-26|Europe
1006,1007,0.0219200000000001,639428.380671908,737100.971931234,652564.831282117,741447.429532561,0.64640723510217,0.62448723510217,2020.78390934427,2020.80582934427,128000000,NA
1006,487,0.03576278689,639428.380671908,737100.971931234,634190.351876485,734505.921255214,0.66025002199217,0.62448723510217,2020.78390934427,2020.81967213116,128000000,hCoV-19/Belgium/ULG-10627/2020|EPI_ISL_636606|2020-10-27|Europe
1007,488,0.01111054645,652564.831282117,741447.429532561,645528.338968298,721975.426681598,0.65751778155217,0.64640723510217,2020.80582934427,2020.81693989072,128000000,hCoV-19/Belgium/ULG-10650/2020|EPI_ISL_636628|2020-10-26|Europe
1007,489,0.07121983607,652564.831282117,741447.429532561,652574.497630409,741461.713956955,0.71762707117217,0.64640723510217,2020.80582934427,2020.87704918034,128000000,hCoV-19/Belgium/ULG-10800/2020|EPI_ISL_661230|2020-11-17|Europe
1008,1009,0.05065045692,648642.937528383,746189.888424689,646415.064057302,745355.730097538,0.5993972351038,0.5487467781838,2020.70816888735,2020.75881934427,128000000,NA
1008,1013,0.000285002361400055,648642.937528383,746189.888424689,648644.017088331,746179.689716294,0.5490317805452,0.5487467781838,2020.70816888735,2020.70845388971,128000000,NA
1009,1010,0.00290000000000001,646415.064057302,745355.730097538,646386.239013122,745357.890374755,0.6022972351038,0.5993972351038,2020.75881934427,2020.76171934427,128000000,NA
1009,490,0.04992382514,646415.064057302,745355.730097538,649384.301384314,757936.198824934,0.6493210602438,0.5993972351038,2020.75881934427,2020.80874316941,128000000,hCoV-19/Belgium/ULG-10545/2020|EPI_ISL_626306|2020-10-23|Europe
1010,1011,0.04501,646386.239013122,745357.890374755,646404.651926926,745355.291443437,0.6473072351038,0.6022972351038,2020.76171934427,2020.80672934427,128000000,NA
1010,1012,0.04569,646386.239013122,745357.890374755,640314.203216623,747543.452849275,0.6479872351038,0.6022972351038,2020.76171934427,2020.80740934427,128000000,NA
1011,492,0.01021054645,646404.651926926,745355.291443437,646391.585149466,745336.928484464,0.6575177815538,0.6473072351038,2020.80672934427,2020.81693989072,128000000,hCoV-19/Belgium/ULG-10629/2020|EPI_ISL_636608|2020-10-26|Europe
1011,491,0.00201382513699999,646404.651926926,745355.291443437,642832.134933976,739096.9045888,0.6493210602408,0.6473072351038,2020.80672934427,2020.80874316941,128000000,hCoV-19/Belgium/ULG-10506/2020|EPI_ISL_626297|2020-10-23|Europe
1012,494,0.00679830601099995,640314.203216623,747543.452849275,640314.960506051,747530.924690934,0.6547855411148,0.6479872351038,2020.80740934427,2020.81420765028,128000000,hCoV-19/Belgium/ULG-10639/2020|EPI_ISL_636617|2020-10-25|Europe
1012,493,0.02319174863,640314.203216623,747543.452849275,641531.748402543,741652.512239377,0.6711789837338,0.6479872351038,2020.80740934427,2020.8306010929,128000000,hCoV-19/Belgium/ULG-10765/2020|EPI_ISL_644611|2020-10-31|Europe
1013,1019,0.000805454559499985,648644.017088331,746179.689716294,648642.973203439,746184.202539752,0.5498372351047,0.5490317805452,2020.70845388971,2020.70925934427,128000000,NA
1013,1014,0.00223545455899998,648644.017088331,746179.689716294,648756.506414543,741534.162360148,0.5512672351042,0.5490317805452,2020.70845388971,2020.71068934427,128000000,NA
1014,495,0.0980538251399999,648756.506414543,741534.162360148,648738.401687797,741515.077954964,0.6493210602442,0.5512672351042,2020.71068934427,2020.80874316941,128000000,hCoV-19/Belgium/ULG-10555/2020|EPI_ISL_626317|2020-10-23|Europe
1014,1015,0.00511845540300004,648756.506414543,741534.162360148,647372.863769722,738445.761880005,0.5563856905072,0.5512672351042,2020.71068934427,2020.71580779968,128000000,NA
1015,1016,0.00873154459699998,647372.863769722,738445.761880005,647320.279622474,738398.451813079,0.5651172351042,0.5563856905072,2020.71580779968,2020.72453934427,128000000,NA
1015,496,3.91948702199718e-05,647372.863769722,738445.761880005,647371.277909993,738443.895538532,0.55642488537742,0.5563856905072,2020.71580779968,2020.71584699455,128000000,hCoV-19/Belgium/ULG-10764/2020|EPI_ISL_641606|2020-09-19|Europe
1016,1017,0.00124999999999997,647320.279622474,738398.451813079,646328.987066264,733538.666693218,0.5663672351042,0.5651172351042,2020.72453934427,2020.72578934427,128000000,NA
1016,497,0.00223661202199998,647320.279622474,738398.451813079,649122.568908645,728396.007877213,0.5673538471262,0.5651172351042,2020.72453934427,2020.72677595629,128000000,hCoV-19/Belgium/ULG-10499/2020|EPI_ISL_581661|2020-09-23|Europe
1017,498,0.00098661202189998,646328.987066264,733538.666693218,646320.940199528,733537.621648092,0.5673538471261,0.5663672351042,2020.72578934427,2020.72677595629,128000000,hCoV-19/Belgium/ULG-10498/2020|EPI_ISL_581660|2020-09-23|Europe
1017,1018,0.08003,646328.987066264,733538.666693218,642353.965050676,715064.436160148,0.6463972351042,0.5663672351042,2020.72578934427,2020.80581934427,128000000,NA
1018,500,0.07122983607,642353.965050676,715064.436160148,655991.136151479,713908.291669771,0.7176270711742,0.6463972351042,2020.80581934427,2020.87704918034,128000000,hCoV-19/Belgium/ULG-10803/2020|EPI_ISL_661232|2020-11-17|Europe
1018,499,0.00292382513699996,642353.965050676,715064.436160148,642122.164081898,715106.959718617,0.6493210602412,0.6463972351042,2020.80581934427,2020.80874316941,128000000,hCoV-19/Belgium/ULG-10599/2020|EPI_ISL_626292|2020-10-23|Europe
1019,1020,0.0742759079,648642.973203439,746184.202539752,648666.483413802,746167.272452643,0.6241131430047,0.5498372351047,2020.70925934427,2020.78353525217,128000000,NA
1019,501,0.1076805464,648642.973203439,746184.202539752,643095.306537172,751477.96458919,0.6575177815047,0.5498372351047,2020.70925934427,2020.81693989067,128000000,hCoV-19/Belgium/ULG-10694/2020|EPI_ISL_636666|2020-10-26|Europe
1020,1024,0.000554092101100023,648666.483413802,746167.272452643,648600.442977357,746187.795777131,0.6246672351058,0.6241131430047,2020.78353525217,2020.78408934427,128000000,NA
1020,1021,0.0210940921,648666.483413802,746167.272452643,648675.22739091,746166.368281874,0.6452072351047,0.6241131430047,2020.78353525217,2020.80462934427,128000000,NA
1021,502,0.00411382513699998,648675.22739091,746166.368281874,658439.257497073,745266.060505119,0.6493210602417,0.6452072351047,2020.80462934427,2020.80874316941,128000000,hCoV-19/Belgium/ULG-10544/2020|EPI_ISL_626303|2020-10-23|Europe
1021,1022,0.000720000000000054,648675.22739091,746166.368281874,628593.980293269,746133.649123308,0.6459272351047,0.6452072351047,2020.80462934427,2020.80534934427,128000000,NA
1022,503,0.00339382513700004,628593.980293269,746133.649123308,624910.346901404,742367.298462737,0.6493210602417,0.6459272351047,2020.80534934427,2020.80874316941,128000000,hCoV-19/Belgium/ULG-10531/2020|EPI_ISL_626315|2020-10-23|Europe
1022,1023,0.000940000000000052,628593.980293269,746133.649123308,628584.727256878,746134.695367674,0.6468672351047,0.6459272351047,2020.80534934427,2020.80628934427,128000000,NA
1023,505,0.01065054645,628584.727256878,746134.695367674,628577.493496558,746141.508236634,0.6575177815547,0.6468672351047,2020.80628934427,2020.81693989072,128000000,hCoV-19/Belgium/ULG-10644/2020|EPI_ISL_636622|2020-10-26|Europe
1023,504,0.01065054645,628584.727256878,746134.695367674,631693.48386975,717539.086430091,0.6575177815547,0.6468672351047,2020.80628934427,2020.81693989072,128000000,hCoV-19/Belgium/ULG-10661/2020|EPI_ISL_636638|2020-10-26|Europe
1024,506,0.03285054645,648600.442977357,746187.795777131,649453.945877644,702647.263781135,0.6575177815558,0.6246672351058,2020.78408934427,2020.81693989072,128000000,hCoV-19/Belgium/ULG-10657/2020|EPI_ISL_636634|2020-10-26|Europe
1024,507,0.03285054645,648600.442977357,746187.795777131,637841.234028692,747998.822522018,0.6575177815558,0.6246672351058,2020.78408934427,2020.81693989072,128000000,hCoV-19/Belgium/ULG-10662/2020|EPI_ISL_636639|2020-10-26|Europe
1025,509,0.0274726776,647755.204876207,730808.275567978,647303.211686127,741775.366375317,0.4771899126961,0.4497172350961,2020.60913934426,2020.63661202186,128000000,hCoV-19/Belgium/ULG-10406/2020|EPI_ISL_540573|2020-08-21|Europe
1025,508,0.06572404372,647755.204876207,730808.275567978,643841.780467258,729504.031189227,0.5154412788161,0.4497172350961,2020.60913934426,2020.67486338798,128000000,hCoV-19/Belgium/ULG-10606/2020|EPI_ISL_626251|2020-09-04|Europe
1026,511,6.55737678711965e-07,721641.201014528,686052.864931903,721641.036201448,686052.787769397,0.340577890839079,0.3405772351014,2020.49999934427,2020.50000000001,128000000,SARS2-CoV/Belgium/Human/rega-0702807
1026,510,0.1366126776,721641.201014528,686052.864931903,646547.642710095,736533.279233656,0.4771899127014,0.3405772351014,2020.49999934427,2020.63661202187,128000000,hCoV-19/Belgium/ULG-10411/2020|EPI_ISL_540578|2020-08-21|Europe
1027,514,0.06618056058,671970.336151652,648229.482416355,620727.501109955,609035.173863059,0.0782828089072,0.0121022483272,2020.1715243575,2020.23770491807,128000000,hCoV-19/Belgium/Rega-0328195/2020|EPI_ISL_458165|2020-03-28|Europe
1027,513,0.04159039664,671970.336151652,648229.482416355,650525.313378505,741067.486848253,0.0536926449671999,0.0121022483272,2020.1715243575,2020.21311475414,128000000,hCoV-19/Belgium/ULG-8532/2020|EPI_ISL_418635|2020-03-19|Europe
